16 0.661198 0.579167 0.016146 0.026852
16 0.641406 0.131481 0.016146 0.027778
16 0.410938 0.175000 0.015625 0.027778
15 0.734896 0.304630 0.014583 0.029630
15 0.266927 0.136111 0.016146 0.025926
15 0.267188 0.375926 0.015625 0.027778
17 0.277083 0.492593 0.033333 0.046296
20 0.351042 0.313426 0.013542 0.025000
19 0.278906 0.313426 0.014063 0.021296
22 0.279427 0.219907 0.011979 0.021296
21 0.350781 0.218519 0.011979 0.022222
25 0.543490 0.435648 0.072396 0.123148
18 0.545833 0.458796 0.656250 0.832407
