15 0.324219 0.102315 0.017188 0.026852
15 0.261719 0.588426 0.015104 0.025000
15 0.281510 0.610648 0.015104 0.025000
20 0.385417 0.311574 0.013542 0.025000
19 0.428646 0.412963 0.015625 0.025926
22 0.385417 0.468056 0.015625 0.023148
21 0.344271 0.366204 0.011458 0.023148
25 0.591146 0.256019 0.067708 0.121296
16 0.549219 0.456944 0.015104 0.025000
16 0.476562 0.132407 0.012500 0.027778
16 0.512760 0.706944 0.014063 0.025000
17 0.508594 0.795833 0.028646 0.056481
18 0.536719 0.453704 0.648438 0.833333
