16 0.310937 0.829167 0.014583 0.030556
16 0.432292 0.787963 0.015625 0.029630
16 0.715365 0.595370 0.017188 0.027778
17 0.764323 0.663426 0.035937 0.043519
25 0.544792 0.433796 0.072917 0.130556
15 0.317188 0.644907 0.015625 0.030556
15 0.298698 0.593056 0.017188 0.028704
15 0.377604 0.502315 0.014583 0.026852
19 0.810417 0.555093 0.013542 0.023148
22 0.772135 0.623611 0.014063 0.023148
21 0.719010 0.531481 0.016146 0.027778
20 0.758333 0.463426 0.014583 0.025000
18 0.550781 0.455093 0.654687 0.834259
