15 0.325781 0.565278 0.014063 0.028704
15 0.272917 0.601852 0.013542 0.024074
15 0.317708 0.096296 0.015625 0.031481
16 0.482292 0.100463 0.014583 0.026852
16 0.555208 0.393981 0.014583 0.026852
16 0.509896 0.700463 0.013542 0.026852
17 0.508854 0.794907 0.027083 0.058333
25 0.589844 0.255093 0.067187 0.123148
19 0.386198 0.311574 0.014063 0.025000
22 0.343490 0.366204 0.014063 0.025000
21 0.300521 0.264352 0.014583 0.023148
20 0.343229 0.210185 0.013542 0.024074
18 0.537500 0.455093 0.647917 0.830556
