16 0.310417 0.829167 0.018750 0.028704
16 0.432292 0.787500 0.014583 0.030556
16 0.743750 0.464352 0.016667 0.026852
15 0.316146 0.648148 0.015625 0.025926
15 0.312500 0.616667 0.016667 0.022222
15 0.372656 0.493981 0.017188 0.026852
17 0.761719 0.676852 0.035937 0.046296
25 0.544792 0.436574 0.070833 0.126852
20 0.803906 0.579630 0.011979 0.024074
19 0.732812 0.618519 0.015625 0.025926
22 0.716406 0.527315 0.013021 0.026852
21 0.787500 0.488889 0.012500 0.022222
18 0.547656 0.453704 0.659896 0.829630
