15 0.538021 0.375926 0.014583 0.025926
15 0.647917 0.103241 0.015625 0.026852
15 0.575781 0.092593 0.017188 0.027778
16 0.477604 0.358796 0.017708 0.028704
16 0.567708 0.814815 0.014583 0.027778
16 0.326823 0.752778 0.015104 0.027778
17 0.434635 0.631481 0.030729 0.053704
25 0.544010 0.436111 0.070312 0.125926
19 0.628906 0.321296 0.016146 0.022222
22 0.605729 0.237963 0.014583 0.024074
20 0.694531 0.262963 0.011979 0.025926
21 0.670833 0.178704 0.013542 0.020370
18 0.549219 0.452778 0.652604 0.831481
