18 0.550000 0.458796 0.656250 0.832407
15 0.273177 0.768981 0.017188 0.028704
15 0.616406 0.790278 0.016146 0.030556
15 0.574740 0.367593 0.014063 0.025926
16 0.732031 0.412037 0.016146 0.025926
16 0.830469 0.637963 0.018229 0.025926
16 0.476562 0.497222 0.017708 0.024074
17 0.830208 0.679167 0.032292 0.052778
25 0.568490 0.395370 0.069271 0.120370
20 0.296615 0.553704 0.011979 0.018519
21 0.305208 0.644907 0.012500 0.017593
22 0.376563 0.625000 0.013542 0.022222
19 0.367969 0.531019 0.013021 0.019444
