16 0.571094 0.803704 0.017188 0.025926
16 0.331250 0.735185 0.015625 0.025926
16 0.451562 0.358333 0.015625 0.024074
15 0.538021 0.375926 0.012500 0.024074
15 0.650000 0.088889 0.015625 0.027778
15 0.570312 0.114815 0.014583 0.027778
17 0.433854 0.629630 0.033333 0.053704
25 0.543750 0.435648 0.071875 0.128704
19 0.695573 0.271296 0.011979 0.024074
22 0.648958 0.320833 0.013542 0.025000
21 0.611198 0.211111 0.015104 0.025926
20 0.657813 0.162037 0.012500 0.022222
18 0.547656 0.455093 0.655729 0.830556
