15 0.269010 0.582870 0.015104 0.023148
15 0.328125 0.457407 0.015625 0.024074
15 0.425521 0.742130 0.015625 0.025000
16 0.736979 0.609259 0.016667 0.024074
16 0.431250 0.788889 0.015625 0.031481
16 0.311719 0.828704 0.015104 0.029630
17 0.761979 0.678241 0.026042 0.052778
25 0.543490 0.434722 0.072396 0.125000
22 0.794271 0.589815 0.012500 0.020370
21 0.722656 0.556481 0.011979 0.024074
20 0.734375 0.464815 0.014583 0.020370
19 0.808073 0.496759 0.011979 0.025000
18 0.546875 0.454630 0.658333 0.831481
