16 0.391667 0.430093 0.016667 0.025000
16 0.727604 0.372685 0.016667 0.026852
16 0.833854 0.653704 0.014583 0.025926
15 0.574479 0.367593 0.013542 0.022222
15 0.617969 0.791204 0.016146 0.028704
15 0.284115 0.762963 0.015104 0.025926
17 0.817448 0.686111 0.030729 0.055556
21 0.311979 0.655093 0.011458 0.021296
20 0.291927 0.569444 0.013021 0.020370
22 0.379427 0.607407 0.013021 0.022222
19 0.359115 0.519444 0.013021 0.022222
25 0.568229 0.395833 0.067708 0.119444
18 0.549219 0.455093 0.657813 0.828704
