15 0.256771 0.158796 0.016667 0.028704
15 0.722656 0.395370 0.017188 0.024074
15 0.263542 0.376852 0.016667 0.025926
17 0.280990 0.500926 0.033854 0.048148
25 0.544010 0.434722 0.071354 0.130556
16 0.658854 0.577315 0.014583 0.025000
16 0.559635 0.234259 0.017188 0.029630
16 0.412760 0.174074 0.015104 0.024074
19 0.279427 0.312037 0.011979 0.018519
20 0.350781 0.311111 0.011979 0.024074
21 0.350260 0.217130 0.010937 0.019444
22 0.278906 0.218981 0.010937 0.019444
18 0.547917 0.456019 0.657292 0.825000
