16 0.576562 0.763889 0.015625 0.027778
16 0.280208 0.722222 0.016667 0.035185
16 0.428125 0.286574 0.014583 0.026852
15 0.536979 0.375000 0.014583 0.025926
17 0.432552 0.627315 0.031771 0.049074
25 0.544271 0.436111 0.071875 0.131481
15 0.588802 0.208333 0.015104 0.025926
15 0.707552 0.168981 0.016146 0.026852
21 0.636979 0.173148 0.014583 0.018519
20 0.690104 0.189352 0.012500 0.025000
19 0.677344 0.315278 0.013021 0.025000
22 0.623958 0.298611 0.012500 0.021296
18 0.546354 0.462500 0.656250 0.815741
