16 0.273438 0.810185 0.015625 0.031481
16 0.300260 0.651389 0.015104 0.026852
16 0.406250 0.695833 0.014583 0.025000
15 0.608333 0.764815 0.014583 0.029630
15 0.527344 0.406944 0.016146 0.023148
15 0.790625 0.159722 0.016667 0.026852
25 0.542969 0.434722 0.071354 0.125000
21 0.444531 0.365741 0.014063 0.022222
20 0.393750 0.334259 0.013542 0.018519
22 0.469792 0.246759 0.012500 0.023148
19 0.419531 0.213426 0.014063 0.023148
17 0.587500 0.775463 0.025000 0.054630
18 0.548958 0.454630 0.654167 0.824074
