20 0.421094 0.152315 0.013021 0.021296
21 0.375260 0.196759 0.014063 0.025000
22 0.409115 0.308796 0.013021 0.023148
19 0.455990 0.265278 0.014063 0.025000
17 0.458333 0.310648 0.030208 0.045370
16 0.454688 0.149074 0.016667 0.027778
16 0.634375 0.137963 0.015625 0.029630
16 0.591146 0.700926 0.016667 0.027778
15 0.415885 0.558333 0.018229 0.024074
15 0.746615 0.500000 0.017188 0.025926
15 0.785937 0.126852 0.015625 0.027778
25 0.626563 0.225926 0.070833 0.125926
18 0.547396 0.463889 0.654167 0.811111
