15 0.293750 0.184722 0.018750 0.028704
15 0.268229 0.380093 0.015625 0.026852
15 0.760417 0.313889 0.015625 0.027778
16 0.644010 0.581481 0.015104 0.025926
16 0.703646 0.089352 0.016667 0.030556
16 0.411719 0.170833 0.016146 0.030556
25 0.544271 0.435648 0.070833 0.125000
17 0.280729 0.524074 0.033333 0.046296
20 0.369531 0.312500 0.014063 0.025000
19 0.296615 0.312037 0.016146 0.020370
21 0.367969 0.217130 0.015104 0.023148
22 0.297135 0.218519 0.016146 0.022222
18 0.549219 0.456481 0.653646 0.829630
