18 0.548698 0.458333 0.655729 0.825926
15 0.607812 0.762500 0.014583 0.028704
15 0.790365 0.159722 0.016146 0.025000
15 0.528125 0.406019 0.015625 0.025000
17 0.588542 0.772685 0.022917 0.060185
16 0.407813 0.699074 0.014583 0.027778
16 0.300781 0.651852 0.017188 0.027778
16 0.273438 0.809259 0.014583 0.025926
25 0.543490 0.437037 0.071354 0.131481
20 0.485417 0.298148 0.012500 0.025926
19 0.431250 0.381944 0.015625 0.021296
22 0.397656 0.309722 0.013021 0.030556
22 0.452344 0.226389 0.015104 0.023148
