18 0.547917 0.461574 0.656250 0.821296
16 0.621354 0.695833 0.014583 0.025000
16 0.501823 0.289352 0.016146 0.030556
16 0.635156 0.135648 0.016146 0.025000
15 0.785677 0.122685 0.018229 0.030556
15 0.746875 0.500926 0.014583 0.024074
15 0.486458 0.718056 0.016667 0.025000
17 0.444271 0.478241 0.032292 0.043519
25 0.627604 0.227778 0.073958 0.131481
19 0.472917 0.323148 0.015625 0.027778
22 0.425781 0.365741 0.015104 0.022222
21 0.392448 0.252315 0.013021 0.021296
20 0.439844 0.211574 0.016146 0.028704
