18 0.546875 0.455093 0.653125 0.832407
15 0.602344 0.740278 0.016146 0.025000
15 0.791406 0.160648 0.016146 0.023148
15 0.572917 0.365278 0.014583 0.023148
16 0.320573 0.807870 0.016146 0.026852
16 0.312240 0.675926 0.015104 0.024074
16 0.410677 0.699537 0.014063 0.023148
17 0.589323 0.774074 0.023438 0.055556
25 0.569010 0.394444 0.070312 0.120370
22 0.711458 0.204167 0.014583 0.021296
19 0.714323 0.297222 0.013021 0.016667
20 0.787500 0.292593 0.015625 0.022222
21 0.785937 0.198148 0.012500 0.020370
