16 0.273438 0.810185 0.015625 0.029630
16 0.300260 0.650463 0.015104 0.026852
16 0.407031 0.696759 0.016146 0.025000
15 0.608073 0.764815 0.013021 0.025926
15 0.528385 0.406019 0.014063 0.025000
15 0.790625 0.158796 0.017708 0.030556
17 0.588802 0.773148 0.023438 0.061111
25 0.543750 0.435185 0.071875 0.127778
19 0.483333 0.322222 0.015625 0.027778
22 0.437500 0.372222 0.013542 0.024074
21 0.401042 0.263889 0.015625 0.025926
20 0.446354 0.214352 0.014583 0.026852
18 0.549219 0.452778 0.654687 0.827778
