17 0.461719 0.296759 0.028646 0.050926
16 0.434896 0.106019 0.016667 0.026852
16 0.634896 0.137037 0.014583 0.027778
16 0.587240 0.713889 0.016146 0.025926
15 0.445052 0.539352 0.015104 0.026852
15 0.746875 0.500463 0.014583 0.025000
15 0.789062 0.130093 0.015625 0.026852
19 0.365365 0.167130 0.011979 0.019444
22 0.356250 0.259722 0.011458 0.019444
21 0.285938 0.240278 0.012500 0.021296
20 0.295052 0.147685 0.011979 0.021296
25 0.626042 0.228241 0.072917 0.123148
18 0.548177 0.462037 0.654687 0.825926
