16 0.673177 0.597222 0.017188 0.025926
16 0.751563 0.496296 0.015625 0.025926
16 0.835417 0.645370 0.018750 0.027778
17 0.827344 0.690278 0.031771 0.056481
15 0.617708 0.788889 0.015625 0.027778
15 0.276302 0.749074 0.016146 0.025926
15 0.575000 0.369444 0.011458 0.024074
25 0.567708 0.393519 0.069792 0.120370
22 0.643750 0.615278 0.013542 0.021296
19 0.640104 0.519444 0.013542 0.016667
20 0.567448 0.526852 0.015104 0.022222
21 0.571354 0.622222 0.012500 0.022222
18 0.542969 0.462037 0.663021 0.824074
