16 0.572656 0.777778 0.014063 0.027778
16 0.315365 0.730556 0.016146 0.024074
16 0.431771 0.347685 0.016667 0.025000
17 0.434375 0.629630 0.030208 0.048148
15 0.537500 0.376389 0.013542 0.025000
15 0.573958 0.151389 0.016667 0.026852
15 0.646094 0.109259 0.017188 0.027778
25 0.544010 0.435185 0.071354 0.127778
21 0.628906 0.310185 0.013021 0.024074
20 0.603646 0.227778 0.013542 0.025926
22 0.694010 0.248148 0.013021 0.022222
19 0.667448 0.164815 0.015104 0.024074
18 0.546615 0.455093 0.661979 0.823148
