15 0.277865 0.759722 0.017188 0.025000
15 0.617708 0.789352 0.014583 0.025000
15 0.574740 0.368519 0.013021 0.025926
16 0.602083 0.573611 0.015625 0.025000
16 0.744792 0.473611 0.015625 0.025000
16 0.835156 0.646759 0.018229 0.026852
17 0.827604 0.691204 0.030208 0.052778
19 0.494792 0.534259 0.013542 0.022222
22 0.497396 0.629167 0.016667 0.021296
21 0.426302 0.632407 0.015104 0.025926
20 0.422917 0.537500 0.012500 0.019444
25 0.567187 0.396296 0.069792 0.122222
18 0.547917 0.458796 0.652083 0.834259
