16 0.311719 0.827778 0.017188 0.029630
16 0.435937 0.780556 0.017708 0.027778
15 0.507812 0.718981 0.016667 0.028704
15 0.297396 0.481019 0.014583 0.026852
15 0.295052 0.397685 0.016146 0.026852
25 0.544010 0.435185 0.071354 0.125926
17 0.759375 0.675463 0.029167 0.054630
16 0.714063 0.572222 0.015625 0.024074
21 0.724479 0.508333 0.013542 0.025926
19 0.811719 0.559259 0.013021 0.024074
22 0.767969 0.614352 0.013021 0.023148
20 0.767708 0.450000 0.011458 0.018519
18 0.549479 0.457407 0.658333 0.835185
