15 0.635156 0.557870 0.017188 0.032407
15 0.336458 0.283333 0.017708 0.029630
15 0.277865 0.254167 0.017188 0.030556
16 0.307812 0.828704 0.014583 0.031481
16 0.431250 0.753241 0.014583 0.028704
16 0.713021 0.572685 0.016667 0.025000
25 0.544792 0.435185 0.070833 0.129630
20 0.767708 0.450926 0.012500 0.020370
19 0.811458 0.558796 0.012500 0.026852
22 0.767188 0.615278 0.012500 0.023148
21 0.723698 0.507870 0.014063 0.025000
17 0.755990 0.673148 0.026562 0.053704
18 0.547396 0.454167 0.657292 0.830556
