16 0.656771 0.572685 0.016667 0.026852
16 0.595052 0.186111 0.016146 0.025926
16 0.411979 0.174537 0.015625 0.026852
15 0.264062 0.377315 0.015625 0.028704
15 0.256510 0.157870 0.015104 0.030556
15 0.716927 0.342593 0.017188 0.025926
25 0.544531 0.432407 0.071354 0.129630
20 0.351042 0.310648 0.011458 0.019444
19 0.279427 0.312963 0.013021 0.022222
22 0.278646 0.219907 0.012500 0.019444
21 0.351042 0.217130 0.012500 0.023148
17 0.279427 0.506944 0.031771 0.050926
18 0.546875 0.450000 0.655208 0.842593
