16 0.284375 0.800000 0.015625 0.027778
16 0.563802 0.766667 0.015104 0.027778
16 0.415625 0.305093 0.014583 0.026852
15 0.536979 0.375463 0.014583 0.023148
15 0.662760 0.121759 0.016146 0.026852
15 0.588281 0.203241 0.014063 0.028704
25 0.544531 0.437500 0.073438 0.126852
19 0.617708 0.304167 0.014583 0.023148
20 0.690365 0.289352 0.014063 0.023148
21 0.685937 0.196296 0.012500 0.024074
22 0.612240 0.209259 0.011979 0.020370
17 0.433594 0.629167 0.029687 0.050926
17 0.545573 0.461574 0.652604 0.813889
