3 0.454948 0.558796 0.672396 0.843519
4 0.417708 0.520833 0.060417 0.110185
6 0.354167 0.568056 0.014583 0.025000
1 0.378125 0.559722 0.014583 0.026852
1 0.712240 0.383333 0.017188 0.027778
0 0.756510 0.712500 0.016146 0.026852
0 0.687500 0.195370 0.015625 0.025926
1 0.641667 0.826852 0.016667 0.031481
1 0.756510 0.838426 0.017188 0.030556
1 0.333073 0.212500 0.015104 0.026852
0 0.201302 0.753704 0.017188 0.027778
0 0.607552 0.723611 0.016146 0.028704
0 0.256250 0.460648 0.016667 0.026852
8 0.350000 0.693981 0.015625 0.026852
5 0.386719 0.628241 0.015104 0.026852
0 0.419271 0.477778 0.023958 0.044444
2 0.419271 0.477778 0.023958 0.044444
9 0.173177 0.137500 0.025521 0.043519
9 0.765365 0.155093 0.025521 0.043519
9 0.782552 0.954167 0.025521 0.043519
9 0.132552 0.947685 0.025521 0.043519
