3 0.455729 0.557870 0.671875 0.843519
4 0.467187 0.551389 0.072917 0.128704
2 0.437760 0.493981 0.031771 0.043519
1 0.425521 0.186574 0.016667 0.028704
8 0.393229 0.294444 0.009375 0.020370
1 0.283073 0.730093 0.017188 0.030556
0 0.173437 0.775000 0.016667 0.027778
1 0.675521 0.187963 0.015625 0.027778
7 0.445573 0.284722 0.008854 0.019444
6 0.448958 0.366204 0.011458 0.019444
0 0.286979 0.458333 0.016667 0.027778
1 0.473438 0.728704 0.015625 0.027778
0 0.424740 0.918056 0.016146 0.032407
5 0.400000 0.378241 0.015625 0.023148
9 0.173177 0.137500 0.025521 0.043519
9 0.765365 0.155093 0.025521 0.043519
9 0.782552 0.954167 0.025521 0.043519
9 0.132552 0.947685 0.025521 0.043519
