3 0.453646 0.565278 0.676042 0.839815
4 0.273698 0.423148 0.074479 0.122222
6 0.493229 0.541204 0.013542 0.025000
0 0.462240 0.386111 0.015104 0.025926
0 0.205729 0.767130 0.017708 0.028704
1 0.651042 0.221296 0.015625 0.027778
0 0.437500 0.278241 0.015625 0.026852
1 0.290365 0.177778 0.016146 0.027778
1 0.587760 0.591667 0.016146 0.027778
1 0.742188 0.831481 0.016667 0.031481
0 0.682552 0.412037 0.016146 0.027778
1 0.641927 0.750000 0.016146 0.029630
7 0.447917 0.503704 0.012500 0.024074
0 0.527083 0.630093 0.014583 0.026852
0 0.559375 0.314352 0.015625 0.026852
8 0.427344 0.581944 0.014063 0.026852
5 0.472396 0.617130 0.013542 0.021296
9 0.173177 0.137500 0.025521 0.043519
9 0.765365 0.155093 0.025521 0.043519
9 0.782552 0.954167 0.025521 0.043519
9 0.132552 0.947685 0.025521 0.043519
2 0.260937 0.459722 0.029167 0.037963
