3 0.454688 0.557870 0.671875 0.839815
4 0.417969 0.520833 0.058854 0.110185
2 0.561198 0.287963 0.030729 0.050000
1 0.380208 0.556944 0.015625 0.026852
1 0.743750 0.184722 0.015625 0.026852
0 0.413281 0.478241 0.015104 0.026852
1 0.565625 0.218981 0.013542 0.025000
0 0.586198 0.749074 0.016146 0.029630
1 0.601042 0.652315 0.016667 0.030556
7 0.506250 0.191667 0.013542 0.024074
1 0.548177 0.633333 0.016146 0.027778
6 0.488802 0.266204 0.013021 0.023148
0 0.239323 0.343981 0.016146 0.026852
5 0.443750 0.235648 0.016667 0.025000
9 0.173177 0.137500 0.025521 0.043519
9 0.765365 0.155093 0.025521 0.043519
9 0.782552 0.954167 0.025521 0.043519
9 0.132552 0.947685 0.025521 0.043519
