3 0.455729 0.558333 0.670833 0.844444
4 0.468229 0.550463 0.073958 0.128704
1 0.118750 0.514815 0.018750 0.027778
1 0.386719 0.371296 0.016146 0.025926
1 0.293490 0.168519 0.016146 0.027778
0 0.293750 0.765741 0.016667 0.029630
2 0.441406 0.521759 0.028646 0.054630
6 0.571094 0.601852 0.013021 0.024074
7 0.617448 0.634722 0.014063 0.023148
1 0.552344 0.822222 0.015104 0.027778
9 0.173177 0.137500 0.025521 0.043519
9 0.765365 0.155093 0.025521 0.043519
9 0.782552 0.954167 0.025521 0.043519
9 0.132552 0.947685 0.025521 0.043519
5 0.588021 0.520833 0.010417 0.023148
