3 0.455208 0.558796 0.670833 0.843519
4 0.562760 0.554630 0.066146 0.120370
1 0.299740 0.600463 0.017188 0.028704
0 0.649740 0.763889 0.017188 0.029630
0 0.608073 0.564352 0.015104 0.026852
1 0.177604 0.748148 0.018750 0.031481
0 0.634896 0.468981 0.015625 0.026852
6 0.344792 0.636111 0.012500 0.022222
8 0.397135 0.715278 0.013021 0.025000
0 0.602865 0.533333 0.014063 0.025926
5 0.393229 0.626389 0.012500 0.023148
2 0.558333 0.594907 0.027083 0.043519
9 0.173177 0.137500 0.025521 0.043519
9 0.765365 0.155093 0.025521 0.043519
9 0.782552 0.954167 0.025521 0.043519
9 0.132552 0.947685 0.025521 0.043519
7 0.347917 0.726852 0.011458 0.018519
