3 0.455208 0.564815 0.668750 0.844444
4 0.316927 0.425000 0.065104 0.114815
6 0.389323 0.516204 0.015104 0.025000
2 0.310677 0.375926 0.032813 0.046296
0 0.296615 0.325463 0.016146 0.026852
0 0.421094 0.179167 0.015104 0.028704
1 0.507292 0.353241 0.015625 0.028704
0 0.351042 0.431019 0.014583 0.026852
1 0.274219 0.665278 0.017188 0.028704
1 0.672656 0.409259 0.016146 0.027778
0 0.284635 0.483333 0.016146 0.025926
7 0.352083 0.467593 0.007292 0.014815
8 0.320312 0.548148 0.014583 0.018519
5 0.362500 0.586574 0.013542 0.021296
9 0.173177 0.137500 0.025521 0.043519
9 0.765365 0.155093 0.025521 0.043519
9 0.782552 0.954167 0.025521 0.043519
9 0.132552 0.947685 0.025521 0.043519
