3 0.454167 0.556944 0.671875 0.845370
4 0.549219 0.573611 0.060937 0.110185
1 0.201302 0.295370 0.018229 0.027778
0 0.373177 0.177315 0.016146 0.026852
0 0.634896 0.180556 0.014583 0.025926
0 0.162500 0.718519 0.016667 0.027778
7 0.298958 0.215278 0.013542 0.023148
1 0.183073 0.569444 0.018229 0.029630
0 0.608073 0.564352 0.016146 0.026852
1 0.426563 0.686111 0.016667 0.029630
2 0.574479 0.575463 0.023958 0.041667
6 0.308594 0.295370 0.013021 0.022222
9 0.173177 0.137500 0.025521 0.043519
9 0.765365 0.155093 0.025521 0.043519
9 0.782552 0.954167 0.025521 0.043519
9 0.132552 0.947685 0.025521 0.043519
5 0.259115 0.311111 0.009896 0.018519
