4 0.657813 0.242130 0.071875 0.130556
3 0.536198 0.472222 0.615104 0.822222
7 0.716667 0.337963 0.013542 0.020370
6 0.706771 0.243981 0.012500 0.021296
5 0.779427 0.220833 0.013021 0.021296
8 0.789844 0.315741 0.010937 0.020370
2 0.261719 0.701389 0.033854 0.052778
1 0.386458 0.643981 0.015625 0.028704
0 0.817448 0.827778 0.016146 0.027778
0 0.806510 0.426389 0.018229 0.028704
1 0.333333 0.325000 0.016667 0.027778
1 0.491406 0.825926 0.016146 0.031481
1 0.816406 0.406481 0.018229 0.027778
0 0.740104 0.812500 0.016667 0.028704
