4 0.657813 0.242130 0.071875 0.130556
3 0.536198 0.472222 0.615104 0.822222
7 0.716667 0.337963 0.013542 0.020370
6 0.706771 0.243981 0.012500 0.021296
5 0.779427 0.220833 0.013021 0.021296
8 0.789844 0.315741 0.010937 0.020370
1 0.309375 0.148148 0.016667 0.029630
1 0.596615 0.429630 0.016146 0.027778
1 0.449740 0.772222 0.016146 0.031481
1 0.285677 0.818056 0.016146 0.028704
0 0.259375 0.797222 0.015625 0.027778
0 0.628906 0.771296 0.016146 0.027778
2 0.267969 0.655556 0.032813 0.046296
0 0.806771 0.428241 0.017708 0.028704
