0 0.721875 0.162963 0.016667 0.035185
1 0.525521 0.358333 0.014583 0.029630
2 0.506510 0.460648 0.024479 0.056481
1 0.824219 0.741667 0.017188 0.033333
1 0.731510 0.833333 0.018229 0.029630
1 0.579167 0.793056 0.015625 0.030556
0 0.348698 0.620833 0.016146 0.028704
0 0.303646 0.831481 0.016667 0.029630
4 0.481510 0.442130 0.067187 0.115741
8 0.729688 0.491204 0.013542 0.026852
7 0.796354 0.544444 0.012500 0.025926
6 0.773698 0.632407 0.013021 0.022222
5 0.706510 0.579167 0.014063 0.026852
3 0.541927 0.472685 0.616146 0.800926
