3 0.501042 0.475000 0.612500 0.803704
4 0.643750 0.236111 0.072917 0.131481
1 0.749219 0.733333 0.017188 0.029630
0 0.571094 0.799537 0.015104 0.028704
2 0.552083 0.827315 0.031250 0.045370
0 0.709896 0.699537 0.015625 0.026852
5 0.626042 0.739352 0.015625 0.026852
8 0.666927 0.677315 0.015104 0.025000
6 0.673698 0.839352 0.015104 0.026852
7 0.715625 0.779167 0.014583 0.025000
1 0.326823 0.282870 0.016146 0.030556
1 0.355208 0.718519 0.016667 0.029630
1 0.368490 0.755093 0.017188 0.030556
0 0.393750 0.645370 0.015625 0.029630
