3 0.542188 0.471759 0.613542 0.800926
1 0.404948 0.132870 0.015104 0.028704
2 0.397656 0.168519 0.031771 0.050000
4 0.484896 0.232870 0.060417 0.112037
0 0.696354 0.389352 0.016667 0.030556
0 0.443490 0.532870 0.015104 0.026852
1 0.505990 0.640278 0.015104 0.026852
1 0.531250 0.810185 0.016667 0.029630
0 0.465625 0.808333 0.015625 0.027778
1 0.455990 0.783333 0.015104 0.027778
7 0.594271 0.446296 0.014583 0.024074
6 0.629687 0.518519 0.013542 0.024074
5 0.574219 0.602778 0.014063 0.024074
8 0.539323 0.530556 0.014063 0.024074
