0 0.718229 0.145833 0.017708 0.032407
1 0.590365 0.245370 0.015104 0.029630
1 0.533854 0.361574 0.016667 0.026852
2 0.509115 0.460648 0.024479 0.052778
4 0.479948 0.443981 0.065104 0.119444
0 0.421875 0.585185 0.016667 0.027778
0 0.303385 0.831481 0.013021 0.029630
1 0.815885 0.736111 0.016146 0.031481
1 0.732292 0.818519 0.015625 0.031481
6 0.773438 0.632407 0.011458 0.024074
5 0.706510 0.579167 0.014063 0.028704
8 0.728385 0.493056 0.013021 0.023148
7 0.796354 0.544444 0.011458 0.024074
3 0.542448 0.469444 0.610938 0.798148
