2 0.819792 0.563426 0.033333 0.049074
1 0.794010 0.592130 0.017188 0.030556
1 0.464062 0.549537 0.015625 0.025000
1 0.532031 0.634259 0.013021 0.027778
1 0.533594 0.670370 0.017188 0.029630
0 0.508073 0.699537 0.013021 0.025000
0 0.558073 0.745370 0.016146 0.027778
0 0.778385 0.835185 0.018229 0.031481
5 0.468490 0.126852 0.011979 0.020370
8 0.521354 0.134722 0.010417 0.021296
6 0.459635 0.255556 0.013021 0.025926
7 0.513281 0.264815 0.011979 0.022222
4 0.483854 0.475000 0.059375 0.111111
3 0.543229 0.472222 0.612500 0.801852
