1 0.537240 0.196759 0.018229 0.030556
0 0.348698 0.593056 0.015104 0.028704
0 0.315625 0.714352 0.015625 0.034259
1 0.530469 0.616204 0.013021 0.026852
1 0.427604 0.792593 0.015625 0.033333
1 0.793490 0.665741 0.015104 0.027778
0 0.601823 0.729167 0.015104 0.028704
2 0.528646 0.313889 0.033333 0.044444
4 0.571875 0.366204 0.064583 0.110185
5 0.533073 0.816204 0.015104 0.025000
8 0.496094 0.747222 0.015104 0.027778
7 0.550000 0.656019 0.014583 0.026852
6 0.586198 0.726389 0.013021 0.025000
3 0.541406 0.472222 0.610938 0.800000
