3 0.533594 0.471759 0.609896 0.813889
4 0.583594 0.500926 0.061979 0.109259
8 0.461719 0.586574 0.013021 0.021296
7 0.532031 0.555556 0.013021 0.022222
6 0.545052 0.647685 0.011979 0.021296
5 0.474740 0.678241 0.013021 0.021296
1 0.323177 0.335185 0.017188 0.027778
1 0.548177 0.150000 0.016146 0.029630
1 0.629948 0.358796 0.022396 0.026852
0 0.807292 0.178704 0.016667 0.027778
1 0.517969 0.804630 0.016146 0.029630
0 0.532292 0.704630 0.014583 0.025926
0 0.399479 0.555556 0.015625 0.025926
2 0.333594 0.520833 0.032813 0.043519
