1 0.777604 0.118056 0.017708 0.032407
1 0.787240 0.172685 0.016146 0.030556
1 0.771354 0.249074 0.017708 0.033333
0 0.271615 0.179630 0.016146 0.027778
2 0.503125 0.369444 0.028125 0.055556
1 0.254427 0.475000 0.013021 0.031481
0 0.280208 0.594444 0.015625 0.025926
0 0.314323 0.626389 0.014063 0.026852
4 0.534635 0.461111 0.073438 0.127778
8 0.457292 0.727315 0.012500 0.025000
5 0.504948 0.772222 0.014063 0.025926
6 0.539583 0.657870 0.013542 0.028704
7 0.492448 0.612500 0.013021 0.025000
3 0.542188 0.474537 0.613542 0.802778
