0 0.350260 0.818519 0.013021 0.022222
0 0.539844 0.816667 0.011979 0.022222
0 0.614844 0.604167 0.013021 0.021296
1 0.363802 0.426389 0.011979 0.017593
1 0.375781 0.600000 0.011979 0.022222
1 0.572135 0.817593 0.009896 0.022222
1 0.248438 0.175000 0.010417 0.022222
2 0.408854 0.505093 0.022917 0.058333
4 0.530469 0.405093 0.076563 0.126852
7 0.384635 0.258796 0.010937 0.010185
6 0.438021 0.248611 0.011458 0.015741
8 0.391927 0.387963 0.009896 0.018519
5 0.445312 0.376852 0.010417 0.018519
3 0.502865 0.476389 0.611979 0.800926
