0 0.511719 0.462500 0.014063 0.028704
0 0.314844 0.541204 0.018229 0.030556
0 0.271354 0.772222 0.015625 0.024074
1 0.390885 0.610185 0.014063 0.025926
1 0.366406 0.696296 0.019271 0.033333
2 0.782031 0.298611 0.033854 0.050926
1 0.787760 0.525463 0.015104 0.026852
1 0.753646 0.331481 0.016667 0.025926
4 0.470052 0.452778 0.066146 0.124074
5 0.784115 0.368056 0.009896 0.021296
6 0.717708 0.413426 0.017708 0.025000
7 0.735417 0.504167 0.013542 0.023148
8 0.805469 0.456944 0.010937 0.023148
3 0.541667 0.474537 0.609375 0.808333
