8 0.521354 0.135185 0.012500 0.024074
5 0.467448 0.124074 0.011979 0.022222
6 0.460417 0.254167 0.010417 0.021296
7 0.513542 0.263889 0.011458 0.025926
4 0.484635 0.478241 0.058854 0.106481
2 0.820312 0.563889 0.035417 0.044444
1 0.794792 0.590741 0.016667 0.029630
0 0.776302 0.828241 0.015104 0.028704
1 0.517188 0.671296 0.016667 0.031481
1 0.550781 0.690278 0.014063 0.028704
1 0.556771 0.715741 0.012500 0.022222
0 0.552344 0.741204 0.016146 0.028704
0 0.505469 0.704630 0.015104 0.029630
3 0.542708 0.473148 0.613542 0.803704
