1 0.344792 0.183333 0.017708 0.027778
1 0.394792 0.604167 0.015625 0.030556
1 0.510156 0.821759 0.015104 0.030556
1 0.694010 0.660648 0.016146 0.030556
0 0.586979 0.482407 0.013542 0.027778
0 0.422396 0.468981 0.014583 0.028704
0 0.270313 0.708333 0.017708 0.027778
2 0.655729 0.755556 0.027083 0.061111
4 0.578125 0.528704 0.072917 0.127778
6 0.715365 0.284259 0.013021 0.022222
7 0.693750 0.372222 0.013542 0.024074
8 0.763021 0.420370 0.012500 0.029630
5 0.783854 0.332870 0.012500 0.023148
3 0.541146 0.474074 0.613542 0.800000
