3 0.454948 0.560648 0.671354 0.843519
4 0.420573 0.512037 0.059896 0.107407
0 0.687500 0.195370 0.014583 0.025926
7 0.547135 0.276389 0.015104 0.026852
1 0.716927 0.357407 0.015104 0.027778
1 0.580208 0.396759 0.015625 0.026852
1 0.333073 0.212500 0.015104 0.026852
1 0.377865 0.558796 0.015104 0.026852
0 0.273438 0.245833 0.015625 0.026852
0 0.756510 0.712037 0.016146 0.025926
0 0.201563 0.753704 0.017708 0.027778
6 0.511979 0.329630 0.014583 0.024074
1 0.757031 0.838889 0.017188 0.029630
0 0.597656 0.713889 0.016146 0.029630
0 0.393490 0.508333 0.024479 0.042593
5 0.479427 0.267593 0.018229 0.025926
7 0.479687 0.267130 0.017708 0.026852
2 0.393750 0.508333 0.023958 0.042593
9 0.173177 0.137500 0.025521 0.043519
9 0.765365 0.155093 0.025521 0.043519
9 0.782552 0.954167 0.025521 0.043519
9 0.132552 0.947685 0.025521 0.043519
