1 0.384635 0.196296 0.016146 0.024074
1 0.361458 0.254630 0.014583 0.025926
1 0.562500 0.471759 0.013542 0.023148
1 0.494271 0.820370 0.015625 0.020370
0 0.708854 0.678241 0.018750 0.023148
0 0.402083 0.815278 0.012500 0.021296
0 0.652604 0.293981 0.016667 0.023148
2 0.314063 0.356944 0.031250 0.045370
6 0.603646 0.533796 0.014583 0.023148
5 0.673438 0.493519 0.011458 0.020370
7 0.621094 0.624537 0.013021 0.019444
8 0.690625 0.584722 0.012500 0.019444
4 0.695573 0.404630 0.079687 0.135185
3 0.502344 0.473611 0.620313 0.813889
