0 0.772396 0.551389 0.015625 0.034259
0 0.743490 0.809722 0.015104 0.028704
0 0.504167 0.690278 0.011458 0.025000
1 0.544010 0.767593 0.013021 0.024074
1 0.351562 0.544444 0.015625 0.025926
1 0.370052 0.715741 0.014063 0.022222
1 0.778646 0.362963 0.015625 0.033333
4 0.481510 0.388426 0.075521 0.130556
2 0.274219 0.827315 0.032813 0.049074
5 0.440365 0.581481 0.013021 0.020370
8 0.480990 0.521759 0.010937 0.021296
7 0.527344 0.624537 0.013021 0.023148
6 0.483594 0.683333 0.010937 0.020370
3 0.502083 0.478241 0.619792 0.815741
