3 0.456771 0.558333 0.675000 0.844444
4 0.422135 0.520370 0.073438 0.129630
0 0.326042 0.313426 0.015625 0.026852
0 0.380469 0.222222 0.015104 0.027778
8 0.228385 0.637500 0.013021 0.023148
1 0.617188 0.450000 0.015625 0.027778
1 0.242969 0.526389 0.017188 0.026852
1 0.626563 0.506944 0.015625 0.028704
1 0.413021 0.613889 0.015625 0.027778
0 0.577865 0.523611 0.015104 0.026852
6 0.280990 0.546296 0.011979 0.022222
2 0.442708 0.491204 0.025000 0.043519
5 0.280469 0.633796 0.010937 0.021296
9 0.173177 0.137500 0.025521 0.043519
9 0.765365 0.155093 0.025521 0.043519
9 0.782552 0.954167 0.025521 0.043519
9 0.132552 0.947685 0.025521 0.043519
