0 0.782813 0.739815 0.016667 0.027778
3 0.501042 0.475000 0.612500 0.803704
0 0.353125 0.818056 0.015625 0.028704
2 0.363281 0.743519 0.032813 0.048148
1 0.250521 0.649074 0.016667 0.027778
1 0.499740 0.712037 0.016146 0.027778
1 0.519271 0.555556 0.015625 0.027778
1 0.421615 0.450000 0.015104 0.027778
0 0.633333 0.259722 0.015625 0.026852
4 0.553646 0.334259 0.059375 0.107407
8 0.567187 0.442130 0.011458 0.021296
5 0.561719 0.535185 0.011979 0.020370
6 0.634375 0.549074 0.011458 0.020370
7 0.639844 0.455093 0.011979 0.021296
