3 0.455208 0.558333 0.673958 0.840741
4 0.316406 0.495833 0.073438 0.123148
0 0.600260 0.310185 0.015104 0.025926
6 0.397656 0.637500 0.013021 0.023148
0 0.392188 0.318981 0.015625 0.026852
1 0.622917 0.827778 0.016667 0.031481
1 0.467708 0.537500 0.015625 0.026852
0 0.211979 0.757407 0.017708 0.029630
0 0.476042 0.693056 0.016667 0.028704
0 0.121615 0.452315 0.017188 0.028704
1 0.642708 0.209722 0.014583 0.026852
8 0.357292 0.748148 0.011458 0.022222
9 0.173177 0.137500 0.025521 0.043519
9 0.765365 0.155093 0.025521 0.043519
9 0.782552 0.954167 0.025521 0.043519
9 0.132552 0.947685 0.025521 0.043519
5 0.408854 0.723611 0.015625 0.019444
7 0.348177 0.654630 0.010937 0.014815
