0 0.432292 0.808333 0.010417 0.016667
0 0.337760 0.812037 0.014063 0.022222
0 0.497135 0.806944 0.013021 0.019444
1 0.512760 0.806944 0.010937 0.028704
1 0.504167 0.780556 0.011458 0.020370
1 0.375260 0.575000 0.011979 0.018519
1 0.369531 0.634259 0.010937 0.018519
2 0.509635 0.650926 0.025521 0.053704
4 0.440365 0.437963 0.069271 0.122222
6 0.541927 0.410185 0.006771 0.020370
7 0.523177 0.500000 0.014063 0.024074
5 0.610156 0.458333 0.006771 0.018519
8 0.590885 0.545833 0.004687 0.017593
3 0.500260 0.475463 0.613021 0.802778
