1 0.445833 0.113889 0.015625 0.033333
0 0.633594 0.211111 0.015104 0.033333
0 0.587240 0.483333 0.016146 0.031481
1 0.673438 0.684722 0.015625 0.034259
1 0.500521 0.816204 0.016667 0.028704
1 0.423698 0.700926 0.016146 0.031481
0 0.263281 0.703241 0.018229 0.028704
6 0.715365 0.283333 0.015104 0.027778
5 0.784115 0.331019 0.011979 0.025000
8 0.763021 0.421296 0.011458 0.025926
7 0.693750 0.373148 0.014583 0.024074
3 0.542188 0.473148 0.610417 0.800000
2 0.688802 0.794444 0.031771 0.051852
4 0.578385 0.529630 0.074479 0.127778
