3 0.431250 0.506481 0.653125 0.875926
0 0.385417 0.457870 0.016667 0.026852
4 0.385677 0.506481 0.064062 0.114815
1 0.151562 0.234259 0.017708 0.027778
0 0.138021 0.131019 0.016667 0.028704
1 0.464062 0.424074 0.016667 0.027778
1 0.487240 0.316204 0.016146 0.026852
1 0.427083 0.479630 0.015625 0.027778
1 0.587240 0.467130 0.016146 0.025000
8 0.636458 0.446296 0.010417 0.020370
0 0.161719 0.109259 0.017188 0.029630
0 0.328646 0.597685 0.015625 0.025000
0 0.385417 0.794444 0.016667 0.025926
5 0.641146 0.545370 0.011458 0.022222
0 0.520312 0.608333 0.016667 0.027778
1 0.729948 0.686574 0.017188 0.030556
7 0.713542 0.435648 0.011458 0.021296
6 0.717448 0.534722 0.010937 0.019444
0 0.355469 0.476852 0.015104 0.025926
0 0.387760 0.834722 0.016146 0.026852
0 0.384115 0.541667 0.015104 0.029630
9 0.109375 0.917593 0.033333 0.059259
9 0.111979 0.077778 0.033333 0.059259
9 0.746354 0.079630 0.033333 0.059259
9 0.753646 0.912963 0.033333 0.059259