3 0.454688 0.559259 0.671875 0.844444
4 0.316667 0.495833 0.072917 0.123148
0 0.600260 0.310185 0.015104 0.025926
1 0.377083 0.375000 0.016667 0.027778
1 0.623958 0.208333 0.014583 0.027778
0 0.391927 0.318981 0.015104 0.026852
6 0.615885 0.647685 0.011979 0.023148
0 0.306250 0.664352 0.016667 0.026852
0 0.120052 0.438426 0.017188 0.026852
1 0.655990 0.686574 0.015104 0.028704
0 0.481250 0.693519 0.016667 0.029630
8 0.671875 0.572685 0.009375 0.017593
7 0.664323 0.669444 0.011979 0.014815
0 0.300781 0.535185 0.034896 0.044444
9 0.173177 0.137500 0.025521 0.043519
9 0.765365 0.155093 0.025521 0.043519
9 0.782552 0.954167 0.025521 0.043519
9 0.132552 0.947685 0.025521 0.043519
2 0.625260 0.561574 0.011979 0.023148
