0 0.267188 0.287963 0.016667 0.031481
2 0.756510 0.311111 0.035937 0.053704
4 0.574219 0.390278 0.069271 0.119444
1 0.368490 0.378704 0.016146 0.031481
1 0.317969 0.672685 0.016146 0.030556
1 0.436979 0.681481 0.015625 0.031481
1 0.487760 0.660648 0.016146 0.030556
0 0.518750 0.680556 0.014583 0.029630
0 0.545052 0.683333 0.015104 0.025926
6 0.495052 0.526389 0.013021 0.019444
5 0.567448 0.535648 0.013021 0.021296
7 0.491406 0.619907 0.013021 0.023148
8 0.563542 0.630093 0.011458 0.021296
3 0.544010 0.470833 0.616146 0.804630
