3 0.453646 0.556481 0.677083 0.844444
4 0.422135 0.521759 0.073438 0.132407
0 0.488281 0.296759 0.015104 0.026852
6 0.458073 0.703704 0.014063 0.025926
1 0.271354 0.235185 0.015625 0.027778
0 0.269531 0.265741 0.016146 0.025926
0 0.302865 0.334722 0.015104 0.026852
0 0.176823 0.506019 0.017188 0.026852
1 0.347135 0.525463 0.016146 0.028704
1 0.276302 0.745370 0.018229 0.031481
1 0.701562 0.650463 0.016667 0.030556
2 0.435937 0.562500 0.025000 0.058333
7 0.501042 0.750926 0.014583 0.027778
8 0.525781 0.673148 0.014063 0.025926
0 0.375781 0.775463 0.016146 0.030556
7 0.483073 0.627315 0.015104 0.026852
9 0.173177 0.137500 0.025521 0.043519
9 0.765365 0.155093 0.025521 0.043519
9 0.782552 0.954167 0.025521 0.043519
9 0.132552 0.947685 0.025521 0.043519
