3 0.429948 0.506019 0.656771 0.871296
4 0.508854 0.691204 0.073958 0.132407
0 0.134896 0.371296 0.017708 0.027778
0 0.170833 0.237500 0.016667 0.026852
8 0.409635 0.482407 0.011979 0.022222
0 0.502604 0.618056 0.014583 0.026852
0 0.432292 0.505556 0.015625 0.025926
0 0.226302 0.114815 0.017188 0.029630
1 0.134115 0.422685 0.018229 0.026852
7 0.336719 0.531944 0.013021 0.021296
6 0.316146 0.439815 0.013542 0.024074
0 0.580208 0.200000 0.015625 0.029630
1 0.500260 0.658796 0.015104 0.026852
1 0.727865 0.137963 0.016146 0.029630
5 0.388021 0.387500 0.012500 0.019444
1 0.394010 0.580556 0.016146 0.027778
1 0.728646 0.247222 0.016667 0.027778
0 0.134635 0.870370 0.017188 0.029630
1 0.519271 0.718056 0.013542 0.025000
0 0.732552 0.873148 0.017188 0.029630
0 0.513281 0.743519 0.014063 0.025926
9 0.109375 0.917593 0.033333 0.059259
9 0.111979 0.077778 0.033333 0.059259
9 0.746354 0.079630 0.033333 0.059259
9 0.753646 0.912963 0.033333 0.059259