1 0.333594 0.495370 0.018229 0.025926
1 0.509635 0.614352 0.016146 0.030556
1 0.576823 0.624537 0.015104 0.028704
1 0.796615 0.594444 0.016146 0.027778
2 0.819531 0.563889 0.036979 0.048148
0 0.651042 0.611574 0.016667 0.030556
0 0.582292 0.688889 0.017708 0.033333
0 0.513542 0.695370 0.016667 0.035185
4 0.483073 0.478704 0.060937 0.109259
5 0.467708 0.125000 0.011458 0.020370
8 0.521094 0.134722 0.013021 0.019444
7 0.512500 0.263889 0.012500 0.024074
6 0.460938 0.255556 0.011458 0.020370
3 0.542969 0.470833 0.610938 0.806481
