3 0.455990 0.559259 0.673438 0.848148
4 0.418490 0.525926 0.059896 0.116667
1 0.381510 0.558333 0.015104 0.025926
0 0.585677 0.749074 0.016146 0.029630
1 0.746615 0.697685 0.017188 0.028704
1 0.488281 0.587963 0.016146 0.027778
6 0.407292 0.266204 0.013542 0.023148
1 0.627865 0.300926 0.016146 0.027778
1 0.509115 0.631481 0.016146 0.027778
0 0.239583 0.343519 0.015625 0.025926
0 0.727344 0.675463 0.016146 0.026852
0 0.275260 0.364352 0.017188 0.026852
8 0.342969 0.218519 0.009896 0.018519
7 0.392448 0.188889 0.008854 0.020370
5 0.413021 0.236574 0.010417 0.017593
9 0.173177 0.137500 0.025521 0.043519
9 0.765365 0.155093 0.025521 0.043519
9 0.782552 0.954167 0.025521 0.043519
9 0.132552 0.947685 0.025521 0.043519
5 0.362500 0.295370 0.011458 0.018519
