3 0.455729 0.557870 0.672917 0.843519
4 0.467708 0.549537 0.072917 0.128704
6 0.559635 0.441204 0.014063 0.025000
2 0.498177 0.574537 0.027604 0.056481
1 0.749479 0.258796 0.015625 0.026852
1 0.599479 0.269907 0.015625 0.028704
0 0.283333 0.750000 0.016667 0.029630
1 0.744531 0.672222 0.017188 0.029630
7 0.599740 0.395833 0.014063 0.025000
1 0.427344 0.572222 0.014063 0.025926
0 0.501302 0.661111 0.015104 0.025926
0 0.533854 0.746759 0.015625 0.028704
9 0.173177 0.137500 0.025521 0.043519
9 0.765365 0.155093 0.025521 0.043519
9 0.782552 0.954167 0.025521 0.043519
9 0.132552 0.947685 0.025521 0.043519
5 0.533073 0.368519 0.009896 0.014815
