3 0.452344 0.558796 0.677604 0.847222
4 0.417969 0.525926 0.060937 0.116667
1 0.201302 0.731481 0.018229 0.029630
0 0.692448 0.243519 0.015104 0.025926
0 0.251563 0.463426 0.015625 0.025000
0 0.731510 0.193981 0.015104 0.025000
1 0.566406 0.526852 0.016146 0.027778
0 0.661198 0.765741 0.016146 0.029630
1 0.377865 0.558796 0.015104 0.026852
1 0.760156 0.869444 0.018229 0.031481
0 0.202083 0.759259 0.017708 0.025926
1 0.762240 0.822685 0.017188 0.030556
6 0.329948 0.477778 0.011979 0.022222
8 0.289062 0.581019 0.012500 0.023148
5 0.338802 0.559722 0.011979 0.021296
2 0.409375 0.562500 0.040625 0.047222
9 0.173177 0.137500 0.025521 0.043519
9 0.765365 0.155093 0.025521 0.043519
9 0.782552 0.954167 0.025521 0.043519
9 0.132552 0.947685 0.025521 0.043519
