3 0.429688 0.504167 0.653125 0.865741
4 0.460938 0.544444 0.075000 0.133333
0 0.209896 0.131481 0.017708 0.029630
1 0.403906 0.244444 0.019271 0.029630
0 0.132031 0.597222 0.017188 0.029630
6 0.287500 0.673148 0.013542 0.024074
0 0.638021 0.692130 0.016667 0.026852
0 0.728385 0.197685 0.016146 0.030556
0 0.270573 0.576852 0.017188 0.025926
1 0.524479 0.518981 0.015625 0.026852
7 0.305469 0.770370 0.013021 0.024074
8 0.379688 0.725000 0.012500 0.024074
1 0.730729 0.773148 0.016667 0.029630
1 0.452865 0.570370 0.014063 0.027778
1 0.438021 0.503241 0.015625 0.026852
0 0.470573 0.514352 0.015104 0.026852
5 0.361979 0.628241 0.012500 0.023148
9 0.109375 0.917593 0.033333 0.059259
9 0.111979 0.077778 0.033333 0.059259
9 0.746354 0.079630 0.033333 0.059259
9 0.753646 0.912963 0.033333 0.059259