3 0.453125 0.558796 0.678125 0.847222
4 0.418490 0.525926 0.059896 0.116667
0 0.753906 0.718981 0.016146 0.026852
0 0.239583 0.344907 0.015625 0.026852
1 0.743490 0.691667 0.017188 0.029630
6 0.335156 0.471759 0.011979 0.021296
1 0.381250 0.558333 0.015625 0.025926
1 0.231510 0.920833 0.019271 0.034259
1 0.467187 0.662963 0.015625 0.027778
0 0.585677 0.755556 0.016146 0.029630
0 0.266927 0.793519 0.017188 0.029630
1 0.496615 0.718981 0.015104 0.028704
8 0.294531 0.575000 0.013021 0.024074
5 0.344271 0.552778 0.012500 0.022222
2 0.413021 0.563426 0.033333 0.045370
9 0.173177 0.137500 0.025521 0.043519
9 0.765365 0.155093 0.025521 0.043519
9 0.782552 0.954167 0.025521 0.043519
9 0.132552 0.947685 0.025521 0.043519
