3 0.457031 0.563889 0.674479 0.842593
4 0.321875 0.382870 0.075000 0.126852
1 0.505729 0.643056 0.015625 0.028704
1 0.474479 0.617593 0.015625 0.027778
2 0.292187 0.340741 0.031250 0.050000
0 0.694792 0.494444 0.015625 0.025926
0 0.717448 0.500463 0.014063 0.025000
1 0.732812 0.649074 0.016667 0.027778
0 0.448958 0.854630 0.015625 0.029630
0 0.716667 0.904167 0.015625 0.032407
6 0.399740 0.597685 0.013021 0.025000
1 0.366667 0.721296 0.011458 0.027778
0 0.746354 0.193519 0.014583 0.025926
8 0.377865 0.721296 0.016146 0.027778
0 0.281510 0.320833 0.014063 0.025000
7 0.352344 0.643981 0.007812 0.019444
9 0.173177 0.137500 0.025521 0.043519
9 0.765365 0.155093 0.025521 0.043519
9 0.782552 0.954167 0.025521 0.043519
9 0.132552 0.947685 0.025521 0.043519
5 0.421615 0.672222 0.015104 0.020370
