1 0.340365 0.178704 0.016146 0.029630
1 0.395052 0.603704 0.015104 0.031481
1 0.693490 0.659722 0.019271 0.030556
0 0.588021 0.481944 0.012500 0.026852
0 0.347917 0.468519 0.012500 0.024074
0 0.269271 0.709259 0.016667 0.035185
1 0.510156 0.822685 0.017188 0.030556
2 0.655990 0.759259 0.027604 0.055556
4 0.578125 0.528241 0.073958 0.130556
6 0.714844 0.283333 0.014063 0.025926
5 0.783073 0.331019 0.010937 0.021296
7 0.693229 0.372685 0.014583 0.023148
8 0.762500 0.420833 0.011458 0.026852
3 0.542708 0.471296 0.611458 0.798148
