0 0.273698 0.220370 0.014063 0.024074
0 0.273698 0.476389 0.017188 0.023148
0 0.596875 0.763889 0.013542 0.027778
1 0.555729 0.344444 0.013542 0.024074
1 0.438281 0.312500 0.014063 0.023148
1 0.685417 0.152315 0.014583 0.023148
1 0.784375 0.830556 0.013542 0.024074
2 0.767188 0.804167 0.026042 0.062037
4 0.518229 0.326852 0.064583 0.114815
7 0.425260 0.345833 0.011979 0.025000
8 0.379167 0.447222 0.011458 0.022222
5 0.421094 0.506019 0.010937 0.028704
6 0.466406 0.406944 0.011979 0.019444
3 0.501563 0.475000 0.618750 0.811111
