3 0.533594 0.471759 0.609896 0.813889
4 0.583594 0.500926 0.061979 0.109259
8 0.461719 0.586574 0.013021 0.021296
7 0.532031 0.555556 0.013021 0.022222
6 0.545052 0.647685 0.011979 0.021296
5 0.474740 0.678241 0.013021 0.021296
2 0.333594 0.520833 0.032813 0.043519
1 0.438021 0.376852 0.015625 0.027778
1 0.469792 0.341204 0.015625 0.028704
1 0.647396 0.197222 0.016667 0.027778
1 0.374219 0.810648 0.016146 0.028704
0 0.515365 0.807407 0.015104 0.027778
0 0.392448 0.561111 0.015104 0.027778
0 0.796875 0.184722 0.017708 0.028704
