3 0.454167 0.554167 0.676042 0.841667
4 0.421875 0.522222 0.073958 0.131481
0 0.503906 0.218981 0.014063 0.026852
1 0.482552 0.277778 0.015104 0.025926
0 0.269531 0.265741 0.016146 0.027778
1 0.161458 0.892130 0.017708 0.030556
1 0.701562 0.650000 0.016667 0.029630
0 0.420312 0.370370 0.015625 0.025926
1 0.276042 0.745370 0.017708 0.031481
2 0.435937 0.562500 0.025000 0.058333
0 0.052865 0.654630 0.017188 0.025926
0 0.367188 0.762963 0.014583 0.029630
6 0.358333 0.796759 0.011458 0.021296
8 0.406510 0.891667 0.011979 0.024074
5 0.408073 0.794907 0.011979 0.025000
9 0.173177 0.137500 0.025521 0.043519
9 0.765365 0.155093 0.025521 0.043519
9 0.782552 0.954167 0.025521 0.043519
9 0.132552 0.947685 0.025521 0.043519
