3 0.454427 0.553241 0.672396 0.839815
4 0.317188 0.531944 0.070833 0.125000
6 0.452083 0.708796 0.014583 0.026852
0 0.721354 0.387500 0.015625 0.025000
0 0.388281 0.320370 0.016146 0.025926
1 0.746875 0.185185 0.014583 0.025926
1 0.239844 0.548611 0.017188 0.026852
0 0.700000 0.641667 0.016667 0.027778
0 0.629427 0.716667 0.016146 0.027778
1 0.760417 0.841204 0.017708 0.032407
0 0.440104 0.456481 0.014583 0.027778
0 0.702604 0.381481 0.015625 0.025926
6 0.410417 0.763889 0.013542 0.027778
2 0.340104 0.518056 0.025000 0.041667
9 0.173177 0.137500 0.025521 0.043519
9 0.765365 0.155093 0.025521 0.043519
9 0.782552 0.954167 0.025521 0.043519
9 0.132552 0.947685 0.025521 0.043519
5 0.481771 0.779630 0.012500 0.022222
