3 0.454948 0.565741 0.672396 0.842593
4 0.321094 0.382870 0.074479 0.128704
0 0.280729 0.326389 0.016667 0.026852
0 0.761979 0.844444 0.017708 0.027778
1 0.179948 0.300926 0.016146 0.027778
1 0.679688 0.827778 0.017708 0.033333
1 0.260937 0.748148 0.017708 0.031481
6 0.471354 0.333796 0.012500 0.021296
8 0.413281 0.272685 0.011979 0.021296
2 0.302604 0.425463 0.034375 0.050926
7 0.463281 0.252778 0.006771 0.018519
1 0.479948 0.311574 0.011979 0.028704
9 0.173177 0.137500 0.025521 0.043519
9 0.765365 0.155093 0.025521 0.043519
9 0.782552 0.954167 0.025521 0.043519
9 0.132552 0.947685 0.025521 0.043519
5 0.425260 0.351852 0.011979 0.016667
