4 0.505469 0.359722 0.069271 0.123148
0 0.782813 0.739815 0.016667 0.027778
5 0.308073 0.222685 0.014063 0.026852
8 0.268229 0.286111 0.014583 0.025926
6 0.260417 0.125926 0.014583 0.025926
7 0.219271 0.188426 0.013542 0.023148
3 0.500521 0.475000 0.612500 0.798148
1 0.491927 0.600463 0.015104 0.025000
1 0.491927 0.632870 0.015104 0.026852
2 0.268750 0.728241 0.032292 0.054630
0 0.405208 0.771296 0.015625 0.027778
1 0.404427 0.668981 0.015104 0.026852
1 0.575260 0.818056 0.016146 0.028704
0 0.517969 0.294444 0.015104 0.027778
