3 0.453906 0.557870 0.669271 0.845370
4 0.335156 0.526852 0.063021 0.112963
6 0.526563 0.418981 0.012500 0.023148
0 0.158333 0.874537 0.017708 0.028704
1 0.257812 0.193056 0.016667 0.028704
1 0.322656 0.459722 0.015104 0.025000
0 0.322656 0.603704 0.016146 0.025926
1 0.336719 0.619907 0.016146 0.026852
0 0.417448 0.796296 0.016146 0.029630
1 0.409896 0.721296 0.014583 0.027778
1 0.434375 0.780556 0.015625 0.029630
0 0.412240 0.769444 0.016146 0.029630
8 0.461979 0.380556 0.014583 0.024074
2 0.333073 0.485185 0.024479 0.044444
9 0.173177 0.137500 0.025521 0.043519
9 0.765365 0.155093 0.025521 0.043519
9 0.782552 0.954167 0.025521 0.043519
9 0.132552 0.947685 0.025521 0.043519
5 0.484375 0.456481 0.012500 0.020370
