3 0.533594 0.471759 0.609896 0.813889
2 0.438021 0.110648 0.031250 0.047222
0 0.594531 0.236574 0.019271 0.028704
1 0.505208 0.406481 0.014583 0.025926
4 0.494792 0.442130 0.065625 0.115741
1 0.363802 0.775926 0.016146 0.029630
1 0.813021 0.647222 0.016667 0.027778
1 0.716406 0.834259 0.017188 0.029630
0 0.733073 0.840741 0.016146 0.027778
0 0.718229 0.793056 0.015625 0.026852
6 0.763802 0.825926 0.013021 0.024074
7 0.810937 0.778241 0.013542 0.023148
5 0.727083 0.711574 0.014583 0.025000
8 0.773958 0.664815 0.013542 0.024074
