4 0.473958 0.400000 0.067708 0.122222
0 0.409115 0.518056 0.015104 0.026852
0 0.458333 0.350926 0.015625 0.025926
3 0.422396 0.504167 0.670833 0.869444
0 0.507031 0.320370 0.016146 0.027778
0 0.212240 0.862500 0.017188 0.030556
0 0.326823 0.546759 0.015104 0.025000
0 0.396094 0.398148 0.016146 0.027778
1 0.548438 0.606019 0.014583 0.028704
7 0.377344 0.528704 0.015104 0.024074
1 0.466146 0.478704 0.014583 0.025926
6 0.419792 0.595833 0.013542 0.023148
1 0.319010 0.111111 0.017188 0.029630
1 0.495052 0.391204 0.015104 0.026852
1 0.360417 0.687963 0.015625 0.029630
1 0.480469 0.468981 0.014063 0.028704
0 0.470052 0.365741 0.014063 0.025926
9 0.109375 0.917593 0.033333 0.059259
9 0.111979 0.077778 0.033333 0.059259
9 0.746354 0.079630 0.033333 0.059259
9 0.753646 0.912963 0.033333 0.059259