3 0.454948 0.563426 0.671354 0.836111
4 0.272656 0.424074 0.074479 0.125926
0 0.565885 0.292593 0.015104 0.033333
1 0.557031 0.493981 0.018229 0.026852
6 0.491146 0.739352 0.014583 0.026852
0 0.662760 0.293519 0.017188 0.027778
1 0.289323 0.180556 0.016146 0.027778
2 0.296354 0.447685 0.029167 0.056481
1 0.549740 0.358796 0.017188 0.026852
1 0.741927 0.831481 0.017188 0.031481
0 0.752604 0.454167 0.016667 0.026852
1 0.614323 0.756481 0.016146 0.029630
7 0.454167 0.804630 0.014583 0.029630
0 0.258333 0.403241 0.015625 0.025000
0 0.417187 0.584722 0.015625 0.026852
9 0.173177 0.137500 0.025521 0.043519
9 0.765365 0.155093 0.025521 0.043519
9 0.782552 0.954167 0.025521 0.043519
9 0.132552 0.947685 0.025521 0.043519
5 0.526563 0.804167 0.014583 0.025000
