3 0.454948 0.554167 0.668229 0.841667
4 0.466667 0.556019 0.072917 0.126852
2 0.478385 0.510185 0.025521 0.057407
1 0.184896 0.371296 0.016667 0.027778
0 0.424479 0.465278 0.015625 0.026852
1 0.345052 0.536574 0.016146 0.026852
0 0.420312 0.198611 0.015625 0.026852
0 0.218229 0.204167 0.015625 0.026852
1 0.548438 0.619444 0.015625 0.029630
1 0.505990 0.762500 0.015104 0.026852
6 0.511719 0.573148 0.011979 0.022222
7 0.560417 0.578704 0.011458 0.024074
8 0.565104 0.485185 0.007292 0.011111
5 0.513542 0.485185 0.012500 0.027778
9 0.173177 0.137500 0.025521 0.043519
9 0.765365 0.155093 0.025521 0.043519
9 0.782552 0.954167 0.025521 0.043519
9 0.132552 0.947685 0.025521 0.043519
