3 0.455469 0.566204 0.671354 0.841667
4 0.273698 0.423611 0.074479 0.123148
0 0.481250 0.422222 0.014583 0.025926
0 0.437240 0.278241 0.015104 0.026852
6 0.538802 0.480093 0.013021 0.025000
0 0.562760 0.276852 0.015104 0.027778
1 0.749219 0.563426 0.017188 0.028704
1 0.651042 0.220833 0.014583 0.026852
1 0.290365 0.177778 0.016146 0.027778
1 0.553125 0.477778 0.014583 0.027778
0 0.205469 0.767130 0.017188 0.028704
1 0.741927 0.831481 0.017188 0.031481
8 0.471354 0.461111 0.014583 0.025926
0 0.532552 0.635648 0.015104 0.026852
5 0.500260 0.528704 0.015104 0.025926
7 0.510417 0.404630 0.009375 0.012963
9 0.173177 0.137500 0.025521 0.043519
9 0.765365 0.155093 0.025521 0.043519
9 0.782552 0.954167 0.025521 0.043519
9 0.132552 0.947685 0.025521 0.043519
2 0.260677 0.460185 0.027604 0.037037
