3 0.454688 0.559259 0.672917 0.846296
4 0.467187 0.551852 0.072917 0.129630
2 0.437500 0.493981 0.032292 0.043519
1 0.458073 0.453241 0.015104 0.026852
1 0.727604 0.528704 0.016667 0.029630
0 0.685937 0.774537 0.016667 0.030556
1 0.673438 0.191204 0.014583 0.028704
6 0.420312 0.726389 0.013542 0.025000
0 0.424740 0.918056 0.015104 0.032407
0 0.392188 0.650000 0.015625 0.027778
8 0.453125 0.840278 0.013542 0.025000
9 0.173177 0.137500 0.025521 0.043519
9 0.765365 0.155093 0.025521 0.043519
9 0.782552 0.954167 0.025521 0.043519
9 0.132552 0.947685 0.025521 0.043519
5 0.468490 0.749537 0.009896 0.019444
