1 0.385156 0.196296 0.015104 0.024074
1 0.355990 0.252315 0.015104 0.023148
1 0.584635 0.378704 0.015104 0.024074
1 0.495052 0.821759 0.013021 0.025000
0 0.404427 0.817130 0.013021 0.025000
0 0.306510 0.433333 0.016146 0.024074
0 0.709896 0.679167 0.015625 0.023148
6 0.604167 0.534722 0.013542 0.023148
5 0.674740 0.494907 0.013021 0.023148
7 0.620833 0.625000 0.010417 0.020370
8 0.691667 0.584722 0.014583 0.017593
4 0.697135 0.404630 0.076563 0.133333
2 0.313802 0.356481 0.036979 0.044444
3 0.501563 0.471296 0.618750 0.805556
