3 0.454427 0.556019 0.672396 0.839815
4 0.466927 0.555556 0.073438 0.125926
0 0.367708 0.315741 0.015625 0.027778
6 0.308594 0.630556 0.014063 0.025926
2 0.478125 0.509722 0.025000 0.056481
1 0.203906 0.333796 0.017188 0.026852
1 0.329167 0.376389 0.015625 0.026852
0 0.420052 0.199074 0.015104 0.025926
1 0.541927 0.912963 0.016146 0.031481
0 0.215885 0.204630 0.016146 0.027778
8 0.281510 0.751852 0.015104 0.027778
1 0.004948 0.853704 0.009896 0.029630
9 0.173177 0.137500 0.025521 0.043519
9 0.765365 0.155093 0.025521 0.043519
9 0.782552 0.954167 0.025521 0.043519
9 0.132552 0.947685 0.025521 0.043519
5 0.328125 0.710185 0.008333 0.018519
