3 0.429167 0.505556 0.655208 0.872222
0 0.427604 0.118981 0.015625 0.028704
0 0.723958 0.160648 0.016667 0.028704
8 0.275521 0.641204 0.013542 0.023148
0 0.548698 0.672222 0.016146 0.025926
1 0.319010 0.111111 0.017188 0.029630
0 0.212240 0.862500 0.016146 0.028704
1 0.550000 0.628241 0.015625 0.026852
1 0.304427 0.680556 0.016146 0.027778
6 0.190365 0.728704 0.011979 0.022222
7 0.242969 0.770370 0.013021 0.024074
0 0.334115 0.763889 0.015104 0.027778
1 0.346094 0.626852 0.014063 0.027778
0 0.345052 0.561574 0.015104 0.025000
1 0.728906 0.442593 0.017188 0.029630
1 0.372396 0.606019 0.015625 0.026852
0 0.343490 0.525463 0.015104 0.026852
5 0.223698 0.600000 0.011979 0.020370
0 0.377083 0.558333 0.016667 0.027778
9 0.109375 0.917593 0.033333 0.059259
9 0.111979 0.077778 0.033333 0.059259
9 0.746354 0.079630 0.033333 0.059259
9 0.753646 0.912963 0.033333 0.059259