3 0.455469 0.554167 0.675521 0.837963
0 0.648958 0.368981 0.015625 0.026852
2 0.411719 0.584722 0.024479 0.056481
1 0.661198 0.663889 0.016146 0.029630
1 0.712760 0.813889 0.018229 0.033333
1 0.678646 0.375463 0.016667 0.028704
0 0.575521 0.523611 0.015625 0.026852
0 0.247656 0.467593 0.016146 0.027778
1 0.577344 0.747685 0.016146 0.028704
8 0.491927 0.722685 0.013021 0.023148
6 0.440625 0.638426 0.011458 0.021296
9 0.173177 0.137500 0.025521 0.043519
9 0.765365 0.155093 0.025521 0.043519
9 0.782552 0.954167 0.025521 0.043519
9 0.132552 0.947685 0.025521 0.043519
5 0.489323 0.631944 0.010937 0.023148
7 0.443490 0.728241 0.008854 0.017593
