3 0.455729 0.564815 0.673958 0.842593
4 0.279427 0.446296 0.075521 0.122222
0 0.747135 0.375926 0.015104 0.025926
1 0.223698 0.590278 0.018229 0.028704
1 0.747396 0.455093 0.015625 0.026852
1 0.639583 0.334722 0.015625 0.026852
0 0.669531 0.791667 0.017188 0.031481
0 0.624219 0.454630 0.016146 0.027778
1 0.314323 0.458796 0.016146 0.026852
0 0.723698 0.368981 0.015104 0.026852
8 0.380469 0.610185 0.013021 0.024074
6 0.439063 0.540278 0.012500 0.023148
2 0.292448 0.401389 0.032813 0.047222
5 0.429948 0.623611 0.011979 0.021296
9 0.173177 0.137500 0.025521 0.043519
9 0.765365 0.155093 0.025521 0.043519
9 0.782552 0.954167 0.025521 0.043519
9 0.132552 0.947685 0.025521 0.043519
