3 0.455469 0.558333 0.669271 0.842593
4 0.548698 0.573611 0.058854 0.110185
0 0.744271 0.195370 0.015625 0.025926
0 0.269271 0.265278 0.015625 0.026852
0 0.589323 0.343519 0.015104 0.025926
0 0.554427 0.447685 0.015104 0.025000
2 0.574479 0.575926 0.023958 0.042593
1 0.701562 0.649537 0.016667 0.030556
0 0.748177 0.228704 0.014063 0.025926
8 0.179167 0.604167 0.012500 0.023148
5 0.229427 0.596759 0.010937 0.021296
6 0.229948 0.510648 0.011979 0.021296
0 0.180208 0.664815 0.011458 0.027778
9 0.173177 0.137500 0.025521 0.043519
9 0.765365 0.155093 0.025521 0.043519
9 0.782552 0.954167 0.025521 0.043519
9 0.132552 0.947685 0.025521 0.043519
