0 0.350781 0.821296 0.011979 0.024074
0 0.538281 0.814815 0.011979 0.025926
0 0.574479 0.807407 0.011458 0.022222
1 0.566406 0.833333 0.015104 0.018519
1 0.375000 0.601389 0.012500 0.017593
1 0.363542 0.427315 0.014583 0.023148
1 0.241146 0.172685 0.015625 0.023148
8 0.392708 0.386111 0.009375 0.018519
5 0.446615 0.377315 0.009896 0.013889
6 0.436198 0.248611 0.007812 0.012037
7 0.384375 0.261111 0.010417 0.014815
4 0.532552 0.404630 0.072396 0.135185
3 0.502604 0.476852 0.616667 0.812963
2 0.405469 0.504167 0.022396 0.056481
