1 0.389583 0.188426 0.017708 0.028704
1 0.716667 0.180093 0.015625 0.028704
1 0.736979 0.289815 0.016667 0.031481
2 0.530729 0.309722 0.032292 0.039815
4 0.571354 0.360185 0.063542 0.116667
0 0.430208 0.639815 0.016667 0.024074
0 0.634375 0.589815 0.014583 0.027778
0 0.338542 0.734722 0.016667 0.030556
1 0.437240 0.761574 0.014063 0.028704
7 0.549740 0.656944 0.015104 0.026852
8 0.496354 0.746759 0.011458 0.023148
5 0.533073 0.816204 0.014063 0.025000
6 0.586719 0.725926 0.014063 0.025926
3 0.541406 0.474074 0.614062 0.803704
