3 0.453385 0.554167 0.670312 0.839815
4 0.467969 0.551852 0.073438 0.129630
6 0.456771 0.725000 0.012500 0.022222
0 0.557813 0.746759 0.015625 0.028704
1 0.720573 0.312037 0.015104 0.027778
1 0.744271 0.672222 0.017708 0.029630
1 0.716667 0.767130 0.016667 0.030556
0 0.235417 0.710648 0.016667 0.028704
1 0.270313 0.618056 0.016667 0.028704
0 0.740104 0.479167 0.015625 0.026852
8 0.501563 0.826389 0.012500 0.025000
9 0.173177 0.137500 0.025521 0.043519
9 0.765365 0.155093 0.025521 0.043519
9 0.782552 0.954167 0.025521 0.043519
9 0.132552 0.947685 0.025521 0.043519
5 0.508594 0.736574 0.014063 0.021296
7 0.452344 0.816204 0.009896 0.023148
2 0.483594 0.507870 0.026562 0.052778
