3 0.533594 0.471759 0.609896 0.813889
4 0.583594 0.500926 0.061979 0.109259
8 0.461719 0.586574 0.013021 0.021296
7 0.532031 0.555556 0.013021 0.022222
6 0.545052 0.647685 0.011979 0.021296
5 0.474740 0.678241 0.013021 0.021296
2 0.333594 0.520833 0.032813 0.043519
1 0.392969 0.356019 0.015104 0.026852
1 0.543750 0.281944 0.015625 0.028704
1 0.741146 0.251389 0.017708 0.028704
1 0.429948 0.814352 0.016146 0.030556
0 0.516927 0.828241 0.015104 0.028704
0 0.386979 0.562500 0.015625 0.026852
0 0.802865 0.178704 0.017188 0.027778
