3 0.455729 0.562963 0.670833 0.840741
4 0.321875 0.382870 0.075000 0.126852
0 0.717708 0.500000 0.014583 0.025926
2 0.724740 0.231481 0.045312 0.059259
1 0.517708 0.618981 0.015625 0.028704
1 0.455990 0.599074 0.016146 0.027778
0 0.693490 0.493519 0.016146 0.025926
2 0.292708 0.341667 0.031250 0.050000
1 0.732552 0.648611 0.017188 0.028704
0 0.455990 0.842130 0.015104 0.032407
1 0.394271 0.801852 0.015625 0.029630
6 0.455990 0.693056 0.013021 0.023148
0 0.716667 0.903704 0.015625 0.031481
8 0.486458 0.811111 0.014583 0.024074
1 0.746615 0.194444 0.015104 0.025926
7 0.437760 0.778704 0.013021 0.025926
0 0.281771 0.320833 0.013542 0.025000
9 0.173177 0.137500 0.025521 0.043519
9 0.765365 0.155093 0.025521 0.043519
9 0.782552 0.954167 0.025521 0.043519
9 0.132552 0.947685 0.025521 0.043519
5 0.503906 0.721759 0.013021 0.023148
