3 0.501042 0.475000 0.612500 0.803704
4 0.643750 0.236111 0.072917 0.131481
1 0.749219 0.733333 0.017188 0.029630
0 0.571875 0.793519 0.015625 0.027778
2 0.552083 0.827315 0.031250 0.045370
0 0.709896 0.699537 0.015625 0.026852
5 0.626042 0.739352 0.015625 0.026852
8 0.666927 0.677315 0.015104 0.025000
6 0.673698 0.839352 0.015104 0.026852
7 0.715625 0.779167 0.014583 0.025000
1 0.287760 0.282407 0.017188 0.029630
1 0.448437 0.833796 0.016667 0.028704
1 0.406250 0.799537 0.015625 0.028704
0 0.414323 0.823611 0.015104 0.026852
