4 0.422396 0.520370 0.073958 0.129630
2 0.501302 0.273148 0.030729 0.042593
1 0.200781 0.182407 0.016146 0.027778
0 0.477604 0.193519 0.014583 0.027778
0 0.265104 0.268981 0.015625 0.026852
1 0.742708 0.191204 0.014583 0.025000
0 0.734375 0.426852 0.016667 0.025926
1 0.742708 0.450463 0.015625 0.026852
6 0.480469 0.663889 0.011979 0.024074
1 0.703125 0.652778 0.016667 0.029630
7 0.527865 0.691204 0.014063 0.025000
0 0.743750 0.219444 0.015625 0.025926
1 0.411198 0.660185 0.015104 0.025926
0 0.436719 0.652315 0.014063 0.025000
8 0.542188 0.606481 0.013542 0.024074
3 0.459375 0.553704 0.693750 0.855556
0 0.488802 0.689352 0.016146 0.025000
5 0.495052 0.580093 0.014063 0.025000
9 0.173177 0.137500 0.025521 0.043519
9 0.765365 0.155093 0.025521 0.043519
9 0.782552 0.954167 0.025521 0.043519
9 0.132552 0.947685 0.025521 0.043519
