3 0.455990 0.564815 0.673438 0.844444
4 0.279687 0.446759 0.076042 0.123148
0 0.749219 0.553704 0.015104 0.025926
0 0.583854 0.246759 0.014583 0.026852
1 0.749740 0.443056 0.017188 0.026852
0 0.587760 0.201389 0.014063 0.026852
0 0.611719 0.701389 0.016146 0.030556
0 0.194010 0.737037 0.017188 0.027778
1 0.748698 0.832870 0.017188 0.032407
1 0.159375 0.761111 0.016667 0.029630
1 0.175781 0.750926 0.017188 0.029630
6 0.666146 0.592130 0.011458 0.021296
2 0.292969 0.400926 0.032813 0.048148
7 0.715365 0.594907 0.011979 0.017593
8 0.713021 0.499537 0.011458 0.017593
5 0.664844 0.504630 0.010937 0.025926
5 0.682813 0.618056 0.006250 0.010185
9 0.173177 0.137500 0.025521 0.043519
9 0.765365 0.155093 0.025521 0.043519
9 0.782552 0.954167 0.025521 0.043519
9 0.132552 0.947685 0.025521 0.043519
