3 0.454427 0.558333 0.671354 0.850000
4 0.335156 0.526852 0.063021 0.112963
1 0.258073 0.192593 0.016146 0.027778
8 0.497135 0.329167 0.011979 0.021296
1 0.321615 0.458333 0.016146 0.027778
1 0.336719 0.620370 0.016146 0.027778
1 0.462500 0.671296 0.015625 0.027778
6 0.548177 0.406481 0.010937 0.020370
2 0.332552 0.485185 0.024479 0.044444
9 0.173177 0.137500 0.025521 0.043519
9 0.765365 0.155093 0.025521 0.043519
9 0.782552 0.954167 0.025521 0.043519
9 0.132552 0.947685 0.025521 0.043519
5 0.501302 0.410185 0.009896 0.020370
0 0.322135 0.604630 0.015104 0.024074
0 0.157812 0.873148 0.015625 0.025926
0 0.315365 0.867130 0.017188 0.032407
0 0.454948 0.647222 0.014063 0.027778
