3 0.455729 0.558796 0.670833 0.843519
4 0.562760 0.554630 0.066146 0.120370
6 0.263542 0.582870 0.014583 0.023148
8 0.263542 0.711111 0.015625 0.025926
1 0.177865 0.747685 0.018229 0.030556
0 0.607812 0.564352 0.015625 0.026852
0 0.649479 0.763889 0.016667 0.029630
1 0.297135 0.585185 0.016146 0.025926
0 0.635156 0.468981 0.015104 0.026852
5 0.299219 0.638889 0.015104 0.027778
0 0.602865 0.533333 0.014063 0.025926
2 0.558073 0.594907 0.026562 0.043519
9 0.173177 0.137500 0.025521 0.043519
9 0.765365 0.155093 0.025521 0.043519
9 0.782552 0.954167 0.025521 0.043519
9 0.132552 0.947685 0.025521 0.043519
