4 0.467187 0.555093 0.072917 0.130556
3 0.455729 0.558796 0.672917 0.849074
1 0.468229 0.478241 0.014583 0.025000
1 0.690365 0.361111 0.016146 0.027778
7 0.434635 0.281019 0.009896 0.019444
0 0.721354 0.791667 0.016667 0.029630
1 0.450521 0.641204 0.014583 0.026852
2 0.452604 0.597685 0.028125 0.054630
1 0.673177 0.190741 0.014063 0.025926
0 0.424740 0.918519 0.016146 0.031481
8 0.382031 0.289352 0.008854 0.021296
6 0.438542 0.362500 0.011458 0.021296
5 0.389062 0.370833 0.014583 0.019444
9 0.173177 0.137500 0.025521 0.043519
9 0.765365 0.155093 0.025521 0.043519
9 0.782552 0.954167 0.025521 0.043519
9 0.132552 0.947685 0.025521 0.043519
