3 0.453646 0.554167 0.672917 0.839815
4 0.335938 0.530093 0.071875 0.126852
1 0.448177 0.252778 0.015104 0.025926
1 0.705208 0.893981 0.016667 0.032407
6 0.590885 0.776852 0.015104 0.025926
1 0.303385 0.466204 0.016146 0.026852
1 0.497135 0.774074 0.015104 0.029630
7 0.610677 0.862037 0.015104 0.029630
5 0.636979 0.739815 0.014583 0.031481
9 0.173177 0.137500 0.025521 0.043519
9 0.765365 0.155093 0.025521 0.043519
9 0.782552 0.954167 0.025521 0.043519
9 0.132552 0.947685 0.025521 0.043519
0 0.445833 0.679630 0.016667 0.031481
0 0.158333 0.873148 0.016667 0.025926
0 0.529948 0.748148 0.015104 0.025926
0 0.699219 0.823611 0.018229 0.028704
