3 0.453646 0.555556 0.669792 0.840741
4 0.467969 0.551852 0.073438 0.129630
6 0.528646 0.696759 0.014583 0.026852
1 0.689323 0.254630 0.015104 0.027778
0 0.600000 0.862963 0.015625 0.031481
0 0.485156 0.259259 0.015104 0.025926
1 0.744271 0.672222 0.017708 0.029630
1 0.328125 0.860648 0.016667 0.030556
0 0.184375 0.733333 0.016667 0.027778
1 0.672396 0.733796 0.016667 0.028704
7 0.556510 0.776389 0.015104 0.023148
9 0.173177 0.137500 0.025521 0.043519
9 0.765365 0.155093 0.025521 0.043519
9 0.782552 0.954167 0.025521 0.043519
9 0.132552 0.947685 0.025521 0.043519
5 0.569010 0.647685 0.015104 0.023148
2 0.483594 0.507407 0.026562 0.053704
