1 0.353125 0.137500 0.017708 0.026852
1 0.394271 0.601852 0.014583 0.025926
1 0.693229 0.660648 0.015625 0.028704
1 0.510156 0.822222 0.015104 0.029630
0 0.267448 0.713889 0.016146 0.027778
0 0.524479 0.431019 0.014583 0.023148
0 0.586458 0.481944 0.012500 0.028704
4 0.579167 0.528704 0.071875 0.127778
2 0.654427 0.756019 0.027604 0.056481
6 0.714844 0.282870 0.013021 0.026852
5 0.783333 0.333333 0.009375 0.018519
7 0.694271 0.372685 0.014583 0.026852
8 0.762240 0.420833 0.013021 0.025000
3 0.542448 0.469907 0.610938 0.799074
