0 0.782813 0.739815 0.016667 0.027778
3 0.501042 0.475000 0.612500 0.803704
0 0.353125 0.818056 0.015625 0.028704
1 0.250521 0.649074 0.016667 0.027778
4 0.553646 0.334259 0.059375 0.107407
8 0.567187 0.442130 0.011458 0.021296
5 0.561719 0.535185 0.011979 0.020370
6 0.634375 0.549074 0.011458 0.020370
7 0.639844 0.455093 0.011979 0.021296
2 0.364063 0.757407 0.033333 0.046296
0 0.628906 0.332407 0.016146 0.027778
1 0.501042 0.697222 0.014583 0.027778
1 0.422917 0.526852 0.014583 0.027778
1 0.520312 0.500463 0.015625 0.026852
