3 0.453125 0.556481 0.667708 0.844444
4 0.467187 0.552778 0.072917 0.127778
2 0.437760 0.493519 0.032813 0.044444
1 0.468490 0.478704 0.014063 0.025926
0 0.435677 0.355093 0.015104 0.026852
1 0.707812 0.377315 0.016667 0.028704
0 0.720573 0.801852 0.017188 0.029630
1 0.673177 0.191204 0.014063 0.028704
6 0.349219 0.502315 0.013021 0.023148
0 0.424479 0.917593 0.015625 0.031481
8 0.288281 0.569907 0.014063 0.023148
5 0.337760 0.585185 0.011979 0.020370
9 0.173177 0.137500 0.025521 0.043519
9 0.765365 0.155093 0.025521 0.043519
9 0.782552 0.954167 0.025521 0.043519
9 0.132552 0.947685 0.025521 0.043519
