4 0.505469 0.359722 0.069271 0.123148
0 0.782813 0.739815 0.016667 0.027778
5 0.308073 0.222685 0.014063 0.026852
8 0.268229 0.286111 0.014583 0.025926
6 0.260417 0.125926 0.014583 0.025926
7 0.219271 0.188426 0.013542 0.023148
3 0.500521 0.475000 0.612500 0.798148
2 0.252604 0.760185 0.034375 0.053704
0 0.534375 0.278704 0.014583 0.027778
0 0.432812 0.746759 0.014583 0.028704
1 0.599740 0.583796 0.016146 0.028704
1 0.562500 0.638889 0.014583 0.027778
1 0.486458 0.622685 0.014583 0.026852
1 0.492448 0.599537 0.014063 0.023148
