1 0.236719 0.385648 0.016146 0.026852
1 0.515365 0.718519 0.015104 0.025926
1 0.394010 0.608333 0.014063 0.022222
1 0.493229 0.816204 0.012500 0.019444
0 0.511719 0.805093 0.013021 0.023148
0 0.369531 0.557870 0.016146 0.025000
0 0.495833 0.374074 0.013542 0.022222
2 0.771875 0.549537 0.031250 0.049074
4 0.576823 0.460185 0.075521 0.129630
8 0.474740 0.664815 0.013021 0.020370
5 0.423698 0.693981 0.011979 0.019444
7 0.497656 0.791204 0.013021 0.019444
6 0.446354 0.818981 0.013542 0.023148
3 0.502083 0.473148 0.619792 0.807407
