3 0.453646 0.559722 0.672917 0.847222
4 0.317188 0.531944 0.070833 0.125000
0 0.226823 0.232407 0.016146 0.025926
1 0.557031 0.206019 0.015104 0.028704
0 0.267708 0.270370 0.015625 0.025926
0 0.923438 0.504167 0.016667 0.026852
1 0.523438 0.815278 0.015625 0.030556
0 0.400260 0.392593 0.015104 0.025926
1 0.319271 0.368981 0.016667 0.028704
1 0.760417 0.836574 0.017708 0.032407
6 0.510417 0.425000 0.012500 0.022222
0 0.369792 0.622222 0.015625 0.025926
0 0.544792 0.662037 0.015625 0.027778
8 0.446354 0.387500 0.014583 0.025000
2 0.340104 0.518981 0.025000 0.041667
9 0.173177 0.137500 0.025521 0.043519
9 0.765365 0.155093 0.025521 0.043519
9 0.782552 0.954167 0.025521 0.043519
9 0.132552 0.947685 0.025521 0.043519
5 0.467448 0.461111 0.013021 0.020370
