1 0.217969 0.429630 0.014063 0.022222
1 0.275521 0.178704 0.015625 0.025926
1 0.507292 0.227315 0.016667 0.025000
1 0.497917 0.773148 0.014583 0.027778
0 0.713021 0.679630 0.014583 0.024074
0 0.508333 0.188889 0.014583 0.024074
0 0.403125 0.817593 0.014583 0.024074
2 0.315104 0.332870 0.036458 0.050926
4 0.696875 0.404167 0.077083 0.128704
5 0.673438 0.493056 0.009375 0.013889
6 0.603125 0.535185 0.014583 0.020370
7 0.620052 0.624537 0.011979 0.017593
8 0.691667 0.586111 0.010417 0.022222
3 0.503125 0.473148 0.620833 0.814815
