3 0.429688 0.501852 0.655208 0.861111
4 0.464583 0.444444 0.062500 0.112963
5 0.348958 0.691204 0.013542 0.025000
1 0.141927 0.163889 0.017188 0.029630
0 0.149219 0.113426 0.016146 0.028704
6 0.293229 0.593519 0.013542 0.024074
0 0.597917 0.290741 0.016667 0.027778
1 0.626823 0.256019 0.017188 0.028704
0 0.467969 0.404167 0.015104 0.026852
1 0.429688 0.453704 0.015625 0.027778
1 0.510677 0.443519 0.015104 0.027778
0 0.133333 0.114815 0.014583 0.027778
1 0.551562 0.518981 0.014583 0.026852
1 0.448177 0.805556 0.017188 0.027778
0 0.442188 0.435648 0.014583 0.023148
0 0.697917 0.850000 0.017708 0.027778
7 0.250260 0.670370 0.011979 0.020370
0 0.462240 0.481019 0.014063 0.028704
0 0.134115 0.142130 0.015104 0.023148
9 0.109375 0.917593 0.033333 0.059259
9 0.111979 0.077778 0.033333 0.059259
9 0.746354 0.079630 0.033333 0.059259
9 0.753646 0.912963 0.033333 0.059259