3 0.454948 0.559259 0.671354 0.842593
4 0.317448 0.531944 0.071354 0.125000
1 0.720313 0.384259 0.016667 0.027778
0 0.757552 0.526389 0.015104 0.026852
6 0.641927 0.530556 0.013021 0.024074
1 0.747396 0.189815 0.014583 0.025926
1 0.760677 0.841667 0.017188 0.031481
0 0.391927 0.318056 0.015104 0.026852
0 0.658073 0.717130 0.016146 0.028704
0 0.696615 0.672222 0.016146 0.025926
8 0.665365 0.417593 0.014063 0.022222
7 0.686719 0.503241 0.011979 0.013889
9 0.173177 0.137500 0.025521 0.043519
9 0.765365 0.155093 0.025521 0.043519
9 0.782552 0.954167 0.025521 0.043519
9 0.132552 0.947685 0.025521 0.043519
5 0.621875 0.451852 0.011458 0.022222
2 0.340104 0.519907 0.026042 0.045370
