3 0.455729 0.562963 0.669792 0.844444
4 0.311458 0.439815 0.060417 0.107407
1 0.205990 0.629630 0.018229 0.029630
1 0.392448 0.440741 0.016146 0.027778
0 0.757812 0.663426 0.016667 0.026852
6 0.447656 0.696296 0.015104 0.025926
2 0.282031 0.435185 0.030729 0.053704
0 0.312500 0.368519 0.015625 0.025926
0 0.683594 0.781019 0.017188 0.028704
1 0.730729 0.189352 0.014583 0.026852
7 0.405208 0.750000 0.012500 0.027778
9 0.173177 0.137500 0.025521 0.043519
9 0.765365 0.155093 0.025521 0.043519
9 0.782552 0.954167 0.025521 0.043519
9 0.132552 0.947685 0.025521 0.043519
5 0.476042 0.762037 0.015625 0.024074
