3 0.455729 0.563889 0.672917 0.838889
4 0.273698 0.423148 0.074479 0.122222
0 0.462500 0.385648 0.015625 0.026852
6 0.515625 0.773611 0.014583 0.026852
0 0.437500 0.278241 0.015625 0.026852
7 0.483073 0.844907 0.015104 0.028704
0 0.205729 0.767130 0.017708 0.028704
1 0.576823 0.662963 0.016146 0.029630
1 0.651302 0.220833 0.015104 0.028704
1 0.290365 0.177778 0.016146 0.027778
1 0.741927 0.831481 0.017188 0.031481
0 0.665365 0.399537 0.016146 0.028704
1 0.588021 0.590278 0.016667 0.030556
0 0.559375 0.314352 0.015625 0.026852
0 0.527083 0.630093 0.015625 0.028704
8 0.517448 0.908796 0.008854 0.019444
5 0.555729 0.833333 0.015625 0.029630
9 0.173177 0.137500 0.025521 0.043519
9 0.765365 0.155093 0.025521 0.043519
9 0.782552 0.954167 0.025521 0.043519
9 0.132552 0.947685 0.025521 0.043519
2 0.260417 0.461111 0.028125 0.038889
