3 0.429948 0.509722 0.653646 0.882407
0 0.134896 0.371296 0.017708 0.027778
0 0.226302 0.114815 0.017188 0.027778
0 0.183594 0.131944 0.017188 0.028704
6 0.574219 0.548148 0.010937 0.018519
4 0.362500 0.704630 0.073958 0.135185
0 0.481250 0.180556 0.015625 0.027778
1 0.366927 0.626852 0.015104 0.025926
1 0.728125 0.137500 0.016667 0.028704
5 0.576042 0.685185 0.011458 0.020370
0 0.140625 0.872685 0.017708 0.028704
1 0.732031 0.798148 0.016146 0.029630
1 0.371094 0.667130 0.015104 0.026852
8 0.519792 0.689352 0.010417 0.019444
1 0.345313 0.687037 0.014583 0.025926
1 0.380729 0.715741 0.014583 0.025926
0 0.387240 0.739815 0.015104 0.025926
0 0.378646 0.643519 0.014583 0.025926
0 0.339323 0.663889 0.014063 0.025926
0 0.354948 0.732407 0.014063 0.025926
9 0.109375 0.917593 0.033333 0.059259
9 0.111979 0.077778 0.033333 0.059259
9 0.746354 0.079630 0.033333 0.059259
9 0.753646 0.912963 0.033333 0.059259