3 0.452344 0.556944 0.658854 0.834259
4 0.317188 0.531481 0.071875 0.125926
0 0.391927 0.318519 0.015104 0.025926
9 0.173177 0.136574 0.025521 0.043519
0 0.638021 0.406944 0.015625 0.026852
0 0.691927 0.720833 0.016146 0.028704
2 0.339583 0.518056 0.025000 0.041667
0 0.704167 0.262963 0.014583 0.025926
8 0.558073 0.324537 0.014063 0.025000
1 0.434115 0.231019 0.014063 0.026852
9 0.132292 0.947222 0.025000 0.044444
9 0.782031 0.953704 0.025521 0.042593
1 0.760156 0.837963 0.017188 0.031481
0 0.629948 0.785648 0.016146 0.030556
1 0.349479 0.852778 0.016667 0.031481
9 0.765104 0.155093 0.025000 0.043519
6 0.580208 0.437037 0.013542 0.024074
5 0.537240 0.399537 0.014063 0.023148
