3 0.454427 0.565741 0.665104 0.846296
4 0.273177 0.422685 0.073438 0.123148
9 0.173177 0.137500 0.025521 0.043519
0 0.205208 0.766667 0.017708 0.029630
1 0.651042 0.220370 0.014583 0.027778
0 0.552865 0.241204 0.014063 0.026852
9 0.765104 0.155093 0.025000 0.043519
1 0.672135 0.540278 0.017188 0.028704
0 0.437240 0.278241 0.015104 0.026852
0 0.526042 0.628704 0.014583 0.027778
1 0.741667 0.831019 0.016667 0.030556
9 0.132292 0.947222 0.025000 0.042593
0 0.473698 0.418056 0.015104 0.026852
9 0.782813 0.953704 0.025000 0.042593
1 0.290104 0.176852 0.015625 0.027778
7 0.458333 0.509259 0.012500 0.024074
1 0.626563 0.396296 0.016667 0.027778
8 0.438281 0.588426 0.014063 0.026852
6 0.503385 0.545833 0.014063 0.025000
2 0.260156 0.459722 0.027604 0.039815
5 0.483073 0.621759 0.014063 0.021296
