3 0.452865 0.556481 0.665104 0.837037
4 0.317188 0.531481 0.071875 0.125926
9 0.172917 0.137037 0.025000 0.042593
2 0.339583 0.518056 0.025000 0.041667
9 0.132031 0.947222 0.025521 0.044444
8 0.446094 0.386574 0.014063 0.025000
9 0.782292 0.953704 0.025000 0.042593
0 0.226302 0.231481 0.016146 0.025926
1 0.318750 0.368981 0.016667 0.026852
1 0.522917 0.814352 0.015625 0.030556
9 0.765104 0.155093 0.025000 0.043519
1 0.760156 0.836111 0.017188 0.031481
0 0.267448 0.269444 0.016146 0.025926
0 0.369792 0.621759 0.015625 0.026852
1 0.556771 0.205556 0.014583 0.027778
0 0.400260 0.392130 0.015104 0.026852
0 0.544792 0.662037 0.015625 0.027778
6 0.509896 0.424537 0.012500 0.023148
0 0.922917 0.503241 0.016667 0.026852
5 0.467708 0.462500 0.014583 0.026852
1 0.514062 0.398611 0.010417 0.023148
