3 0.451302 0.556481 0.661979 0.840741
9 0.172917 0.137500 0.025000 0.043519
4 0.334635 0.526389 0.061979 0.113889
1 0.336458 0.619907 0.015625 0.026852
2 0.332813 0.484259 0.023958 0.042593
1 0.462500 0.670370 0.015625 0.027778
1 0.257552 0.192593 0.016146 0.027778
8 0.496615 0.329167 0.011979 0.021296
9 0.132031 0.947222 0.025521 0.044444
1 0.321094 0.458333 0.015104 0.025926
9 0.780469 0.953704 0.025521 0.044444
9 0.765625 0.155093 0.025000 0.043519
0 0.315104 0.868519 0.016667 0.031481
0 0.322396 0.603241 0.015625 0.025000
6 0.547656 0.406019 0.010937 0.019444
0 0.158073 0.874074 0.017188 0.027778
0 0.454948 0.647222 0.015104 0.027778
5 0.501302 0.411574 0.010937 0.021296
