3 0.452344 0.559722 0.665104 0.836111
9 0.172917 0.137500 0.025000 0.043519
4 0.273438 0.423148 0.073958 0.124074
0 0.516146 0.208796 0.014583 0.026852
6 0.505990 0.735648 0.015104 0.026852
1 0.651042 0.220370 0.014583 0.027778
0 0.205729 0.767130 0.017708 0.028704
1 0.446354 0.645370 0.016667 0.029630
0 0.437240 0.277778 0.015104 0.027778
7 0.464323 0.789815 0.015104 0.029630
9 0.132292 0.947222 0.025000 0.042593
1 0.390365 0.469907 0.021354 0.028704
9 0.765104 0.154630 0.025000 0.042593
9 0.782813 0.953704 0.025000 0.042593
1 0.741667 0.831019 0.016667 0.030556
1 0.290104 0.176852 0.015625 0.027778
0 0.459896 0.484722 0.015625 0.026852
2 0.260156 0.459722 0.027604 0.039815
0 0.532552 0.636111 0.015104 0.027778
8 0.491146 0.867593 0.011458 0.024074
5 0.534896 0.810648 0.014583 0.025000
