3 0.454688 0.557407 0.662500 0.833333
4 0.316146 0.495833 0.073958 0.126852
0 0.391667 0.318519 0.015625 0.025926
9 0.782292 0.953704 0.025000 0.042593
0 0.681510 0.406481 0.016146 0.027778
0 0.692187 0.724074 0.016667 0.027778
6 0.555208 0.786574 0.014583 0.025000
1 0.760417 0.837963 0.016667 0.031481
7 0.571615 0.875463 0.011979 0.025000
9 0.765365 0.155093 0.025521 0.043519
1 0.473177 0.281481 0.015104 0.025926
1 0.702865 0.688889 0.016146 0.029630
0 0.551823 0.372685 0.015104 0.026852
0 0.572917 0.925926 0.016667 0.033333
9 0.131510 0.947222 0.025521 0.044444
9 0.173437 0.137037 0.025000 0.044444
5 0.602083 0.751389 0.015625 0.032407
2 0.299219 0.534259 0.036979 0.044444
