3 0.449740 0.551389 0.660937 0.834259
4 0.335938 0.529630 0.069792 0.127778
9 0.172917 0.137037 0.025000 0.042593
9 0.132031 0.947222 0.025521 0.044444
6 0.477865 0.725926 0.014063 0.025926
1 0.490365 0.618981 0.015104 0.028704
1 0.692969 0.644444 0.017188 0.029630
9 0.782292 0.953704 0.025000 0.042593
1 0.759896 0.836111 0.016667 0.031481
0 0.231771 0.232870 0.015625 0.026852
0 0.267448 0.269907 0.016146 0.026852
0 0.400781 0.393981 0.015104 0.026852
0 0.632552 0.578704 0.016146 0.027778
1 0.556771 0.204630 0.014583 0.027778
9 0.765104 0.155093 0.025000 0.043519
1 0.302344 0.475463 0.015104 0.025000
7 0.441406 0.793056 0.013021 0.026852
5 0.514323 0.788426 0.013021 0.023148
