3 0.448958 0.556481 0.663542 0.838889
4 0.335677 0.529630 0.070312 0.127778
9 0.132031 0.946759 0.025521 0.043519
1 0.511979 0.698611 0.015625 0.028704
9 0.782292 0.954167 0.025000 0.043519
0 0.249479 0.511574 0.016667 0.026852
8 0.408333 0.502315 0.014583 0.025000
9 0.173177 0.137037 0.024479 0.044444
1 0.556771 0.205556 0.014583 0.027778
9 0.765104 0.154630 0.025000 0.044444
0 0.201823 0.742130 0.017188 0.028704
6 0.476302 0.478704 0.013021 0.024074
1 0.760156 0.836111 0.017188 0.031481
0 0.267448 0.270833 0.016146 0.026852
1 0.475781 0.617130 0.015104 0.026852
0 0.524479 0.733796 0.014583 0.026852
1 0.302344 0.475463 0.015104 0.026852
0 0.513802 0.551389 0.014063 0.026852
7 0.434375 0.425926 0.008333 0.014815
0 0.367188 0.772222 0.015625 0.029630
5 0.449479 0.546759 0.013542 0.021296
