3 0.452344 0.558333 0.664062 0.835185
9 0.172917 0.137037 0.025000 0.044444
4 0.316146 0.496296 0.073958 0.125926
0 0.391667 0.318056 0.015625 0.026852
1 0.642708 0.209259 0.014583 0.027778
9 0.132031 0.947685 0.025521 0.043519
0 0.600000 0.309722 0.014583 0.026852
1 0.471094 0.519444 0.016146 0.027778
0 0.201302 0.776389 0.017188 0.028704
9 0.765365 0.155093 0.025521 0.043519
1 0.692708 0.794907 0.017708 0.032407
9 0.780990 0.953241 0.025521 0.043519
8 0.363021 0.468056 0.014583 0.023148
0 0.475781 0.692593 0.016146 0.029630
6 0.432812 0.467593 0.013542 0.025926
0 0.121094 0.451389 0.017188 0.028704
5 0.397917 0.530556 0.015625 0.031481
2 0.299219 0.533796 0.036979 0.041667
7 0.401823 0.403241 0.008854 0.015741
