3 0.454688 0.556481 0.668750 0.837037
4 0.408333 0.503704 0.059375 0.118519
0 0.687500 0.194907 0.014583 0.026852
9 0.173437 0.137963 0.025000 0.044444
9 0.765625 0.154630 0.026042 0.044444
1 0.603125 0.347222 0.014583 0.025926
6 0.476302 0.288426 0.013021 0.023148
0 0.346615 0.441204 0.015104 0.026852
1 0.332552 0.212037 0.015104 0.025926
1 0.705990 0.782407 0.017188 0.031481
9 0.782292 0.953241 0.025000 0.043519
1 0.363542 0.466204 0.015625 0.026852
9 0.132031 0.947685 0.025521 0.043519
0 0.195312 0.437037 0.016667 0.027778
7 0.495312 0.215278 0.013542 0.025000
1 0.377083 0.558796 0.014583 0.025000
0 0.210938 0.768056 0.017708 0.028704
0 0.390104 0.498148 0.015625 0.025926
5 0.432031 0.255093 0.016146 0.025000
0 0.406250 0.542130 0.022917 0.045370
