3 0.453125 0.557407 0.659375 0.833333
4 0.315885 0.496296 0.073438 0.125926
0 0.391667 0.318519 0.015625 0.025926
9 0.172917 0.137500 0.025000 0.043519
1 0.623958 0.207407 0.014583 0.027778
0 0.600000 0.309722 0.014583 0.026852
9 0.765104 0.155093 0.025000 0.043519
0 0.480990 0.693056 0.016146 0.030556
0 0.306250 0.664352 0.016667 0.026852
1 0.376823 0.374537 0.016146 0.026852
6 0.615365 0.646759 0.011979 0.023148
9 0.780990 0.953704 0.025521 0.044444
9 0.130469 0.946759 0.025521 0.043519
1 0.655990 0.686574 0.015104 0.028704
7 0.664062 0.668981 0.011458 0.015741
0 0.119792 0.437037 0.016667 0.027778
8 0.671875 0.572222 0.010417 0.016667
5 0.624740 0.560185 0.010937 0.025926
2 0.299219 0.534259 0.036979 0.044444
