3 0.453125 0.555556 0.660417 0.835185
4 0.317188 0.531944 0.071875 0.125000
9 0.172917 0.137500 0.025000 0.043519
0 0.614323 0.218056 0.014063 0.026852
2 0.339583 0.518056 0.025000 0.041667
1 0.262240 0.630556 0.017188 0.027778
9 0.782552 0.953704 0.024479 0.042593
1 0.760417 0.840741 0.016667 0.031481
0 0.372656 0.373148 0.015104 0.025926
6 0.510156 0.417130 0.013021 0.023148
9 0.765365 0.155093 0.025521 0.043519
9 0.132031 0.947222 0.025521 0.044444
0 0.679427 0.482870 0.016146 0.028704
0 0.477865 0.586111 0.015104 0.027778
8 0.447917 0.371759 0.013542 0.023148
0 0.427604 0.372685 0.014583 0.026852
1 0.369531 0.471759 0.016146 0.026852
0 0.560156 0.629167 0.016146 0.026852
5 0.465885 0.449537 0.015104 0.026852
5 0.514583 0.384259 0.008333 0.012963
