3 0.454427 0.556944 0.663021 0.834259
0 0.391667 0.318519 0.015625 0.025926
4 0.315885 0.496296 0.073438 0.125926
9 0.172917 0.137500 0.025000 0.043519
1 0.642708 0.209722 0.014583 0.026852
1 0.467448 0.537037 0.016146 0.027778
0 0.600000 0.309722 0.014583 0.026852
1 0.622656 0.826852 0.016146 0.031481
9 0.132292 0.946759 0.026042 0.043519
0 0.211458 0.756944 0.017708 0.028704
8 0.357552 0.748148 0.011979 0.022222
9 0.765365 0.154167 0.025521 0.043519
9 0.780469 0.953704 0.025521 0.044444
6 0.397396 0.637500 0.012500 0.023148
0 0.121354 0.451852 0.016667 0.027778
0 0.475781 0.692593 0.016146 0.029630
5 0.407031 0.722685 0.011979 0.021296
7 0.348177 0.654167 0.010937 0.019444
2 0.299219 0.533796 0.036979 0.043519
