3 0.455208 0.555556 0.670833 0.835185
4 0.317188 0.531481 0.071875 0.125926
0 0.391927 0.318981 0.015104 0.026852
0 0.636458 0.429630 0.015625 0.027778
0 0.691927 0.720833 0.016146 0.028704
6 0.454688 0.468981 0.014583 0.025000
2 0.339583 0.518056 0.025000 0.041667
8 0.385156 0.480093 0.015104 0.025000
9 0.132031 0.947222 0.025521 0.044444
1 0.243229 0.541667 0.017708 0.027778
9 0.765365 0.154630 0.025521 0.044444
1 0.760156 0.837963 0.017188 0.031481
9 0.782031 0.954167 0.025521 0.043519
9 0.173437 0.137037 0.025000 0.044444
0 0.639583 0.788426 0.015625 0.030556
1 0.417708 0.349074 0.015625 0.027778
5 0.423958 0.535185 0.014583 0.029630
7 0.413542 0.411111 0.009375 0.016667
