3 0.451042 0.556944 0.665625 0.841667
9 0.172917 0.136574 0.025000 0.043519
4 0.334635 0.526852 0.061979 0.112963
1 0.597917 0.853704 0.016667 0.029630
1 0.336458 0.619907 0.015625 0.026852
1 0.467708 0.593981 0.015625 0.026852
7 0.722656 0.650000 0.011979 0.020370
2 0.332813 0.484259 0.023958 0.042593
1 0.257552 0.192130 0.016146 0.026852
9 0.780469 0.953704 0.025521 0.044444
1 0.321094 0.458333 0.015104 0.025926
9 0.132031 0.947222 0.025521 0.044444
9 0.765104 0.155093 0.025000 0.043519
0 0.570052 0.650463 0.016146 0.028704
0 0.322396 0.603704 0.015625 0.025926
6 0.674479 0.630093 0.012500 0.023148
0 0.158073 0.874074 0.017188 0.027778
0 0.419531 0.770370 0.015104 0.029630
8 0.731250 0.554167 0.010417 0.015741
5 0.681771 0.543519 0.011458 0.025926
