3 0.456510 0.557407 0.669271 0.837037
4 0.315625 0.495833 0.073958 0.126852
9 0.172917 0.137500 0.025000 0.043519
0 0.391667 0.318519 0.015625 0.025926
1 0.468229 0.527778 0.015625 0.027778
9 0.132031 0.946759 0.025521 0.043519
0 0.209115 0.763889 0.017188 0.027778
9 0.782552 0.953704 0.025521 0.042593
9 0.765365 0.155093 0.025521 0.043519
0 0.600000 0.309722 0.014583 0.026852
1 0.642708 0.208796 0.014583 0.026852
1 0.745833 0.835648 0.016667 0.030556
0 0.398177 0.868056 0.015104 0.030556
0 0.475781 0.692593 0.016146 0.029630
8 0.640365 0.462500 0.010937 0.019444
6 0.607031 0.569444 0.011979 0.022222
7 0.654948 0.554630 0.010937 0.014815
5 0.596094 0.486111 0.010937 0.020370
2 0.299740 0.534259 0.036979 0.042593
