3 0.450521 0.556481 0.666667 0.840741
9 0.172917 0.137037 0.025000 0.044444
4 0.334896 0.526389 0.061458 0.112037
1 0.467187 0.624074 0.015625 0.027778
6 0.596615 0.779630 0.014063 0.025926
1 0.336458 0.619907 0.015625 0.026852
2 0.332813 0.484259 0.023958 0.042593
9 0.782292 0.954630 0.025000 0.042593
1 0.257552 0.192593 0.016146 0.027778
0 0.562500 0.649074 0.016667 0.027778
9 0.765365 0.154630 0.025521 0.044444
9 0.132031 0.947222 0.025521 0.044444
1 0.321094 0.458333 0.015104 0.025926
0 0.322396 0.603704 0.015625 0.025926
7 0.612760 0.868519 0.015104 0.027778
0 0.158073 0.874074 0.017188 0.027778
0 0.418229 0.770833 0.015625 0.030556
1 0.573438 0.831019 0.013542 0.030556
5 0.644531 0.750463 0.014063 0.030556
