3 0.456771 0.556019 0.670833 0.834259
9 0.172917 0.136574 0.025000 0.043519
4 0.317188 0.531944 0.071875 0.125000
2 0.339844 0.518056 0.024479 0.041667
9 0.765365 0.155093 0.025521 0.043519
9 0.782292 0.953704 0.025000 0.042593
1 0.531771 0.799074 0.015625 0.029630
8 0.646615 0.367130 0.014063 0.025000
9 0.132031 0.947222 0.025521 0.044444
6 0.639583 0.485648 0.013542 0.025000
1 0.759896 0.836111 0.016667 0.031481
0 0.228646 0.225463 0.015625 0.026852
1 0.363021 0.454167 0.015625 0.026852
0 0.267448 0.269907 0.016146 0.026852
1 0.556771 0.205093 0.014583 0.026852
0 0.400260 0.392130 0.015104 0.026852
0 0.566146 0.625463 0.015625 0.026852
0 0.445052 0.615278 0.015104 0.026852
5 0.609635 0.418056 0.010937 0.021296
