3 0.451823 0.555556 0.667188 0.837037
4 0.335417 0.529167 0.070833 0.128704
1 0.447656 0.252315 0.015104 0.026852
9 0.173177 0.137500 0.024479 0.043519
9 0.782292 0.954167 0.025000 0.043519
6 0.590885 0.776389 0.015104 0.026852
9 0.132031 0.947685 0.025521 0.043519
1 0.303125 0.465741 0.015625 0.025926
9 0.765104 0.155093 0.025000 0.043519
7 0.610417 0.862963 0.014583 0.027778
1 0.496875 0.774074 0.014583 0.029630
1 0.705208 0.893981 0.016667 0.032407
0 0.529687 0.747222 0.015625 0.027778
0 0.699479 0.823148 0.016667 0.029630
0 0.445312 0.680093 0.015625 0.028704
5 0.636719 0.738889 0.015104 0.031481
0 0.158333 0.874074 0.016667 0.027778
