3 0.455469 0.554630 0.668229 0.833333
4 0.317188 0.531944 0.071875 0.125000
9 0.173177 0.137037 0.024479 0.044444
2 0.339583 0.518056 0.025000 0.041667
7 0.475521 0.852315 0.013542 0.026852
9 0.765365 0.155093 0.025521 0.043519
9 0.132292 0.947222 0.025000 0.044444
9 0.782552 0.953704 0.025521 0.042593
0 0.231771 0.226852 0.015625 0.025926
0 0.548958 0.237500 0.014583 0.026852
0 0.267448 0.269444 0.016146 0.025926
1 0.426042 0.480556 0.015625 0.027778
1 0.757031 0.836574 0.017188 0.030556
1 0.369531 0.471759 0.016146 0.026852
0 0.400260 0.392130 0.015104 0.026852
0 0.477344 0.583333 0.015104 0.027778
6 0.498958 0.767593 0.013542 0.025926
0 0.560156 0.628704 0.016146 0.027778
1 0.480729 0.774074 0.013542 0.024074
5 0.545573 0.809259 0.013021 0.022222
