3 0.452865 0.565741 0.660937 0.846296
4 0.273177 0.422685 0.073438 0.123148
9 0.173177 0.137500 0.025521 0.043519
1 0.552604 0.477778 0.014583 0.027778
0 0.205208 0.766204 0.017708 0.028704
1 0.651042 0.220370 0.014583 0.027778
8 0.471094 0.460648 0.015104 0.025000
9 0.765104 0.154630 0.025000 0.044444
6 0.538542 0.479630 0.012500 0.024074
9 0.132031 0.947222 0.024479 0.042593
0 0.562240 0.276852 0.015104 0.027778
0 0.437240 0.278241 0.015104 0.026852
1 0.741667 0.831019 0.016667 0.030556
9 0.782813 0.953704 0.025000 0.042593
1 0.748698 0.562500 0.017188 0.028704
1 0.290104 0.176852 0.015625 0.027778
0 0.480729 0.421759 0.014583 0.026852
0 0.532292 0.636111 0.015625 0.027778
2 0.260156 0.459722 0.027604 0.039815
5 0.500260 0.529630 0.015104 0.027778
7 0.510417 0.404167 0.009375 0.013889
