3 0.453646 0.556944 0.664583 0.836111
4 0.315885 0.495370 0.074479 0.125926
0 0.391927 0.318981 0.015104 0.026852
9 0.782031 0.953704 0.025521 0.042593
0 0.205729 0.767130 0.017708 0.028704
6 0.422656 0.466204 0.014063 0.025000
9 0.132031 0.946759 0.025521 0.043519
1 0.741667 0.831019 0.016667 0.030556
1 0.351302 0.633796 0.016146 0.026852
0 0.475781 0.692593 0.016146 0.029630
9 0.765365 0.154630 0.025521 0.042593
0 0.343490 0.372222 0.016146 0.025926
9 0.173177 0.137037 0.024479 0.044444
8 0.352344 0.475000 0.014063 0.022222
1 0.741667 0.267593 0.012500 0.024074
0 0.662240 0.522222 0.016146 0.027778
5 0.388021 0.535185 0.015625 0.033333
7 0.389323 0.406481 0.008854 0.014815
2 0.303385 0.534259 0.027604 0.040741
