3 0.454167 0.563889 0.665625 0.840741
8 0.351302 0.757407 0.014063 0.024074
4 0.323177 0.523148 0.060937 0.114815
9 0.132292 0.947222 0.025000 0.042593
9 0.782031 0.953241 0.025521 0.043519
1 0.741667 0.831019 0.016667 0.030556
0 0.404167 0.470833 0.015625 0.026852
9 0.765104 0.154167 0.025000 0.043519
0 0.205729 0.767130 0.017708 0.028704
1 0.326042 0.189352 0.015625 0.028704
0 0.671875 0.916204 0.016667 0.032407
9 0.171875 0.147685 0.025000 0.043519
0 0.475781 0.692593 0.016146 0.029630
1 0.475781 0.930556 0.016146 0.031481
0 0.379688 0.625000 0.014583 0.024074
6 0.387760 0.643519 0.011979 0.024074
5 0.400521 0.726852 0.012500 0.020370
2 0.321354 0.479167 0.025000 0.043519
7 0.338542 0.663426 0.011458 0.015741
0 0.321354 0.479630 0.025000 0.042593
