3 0.455990 0.565278 0.666146 0.843519
4 0.323437 0.523148 0.061458 0.116667
0 0.325521 0.285648 0.015625 0.026852
9 0.783594 0.953241 0.025521 0.043519
0 0.391927 0.336574 0.016146 0.026852
0 0.205729 0.767130 0.017708 0.028704
9 0.132292 0.947685 0.025000 0.041667
1 0.741667 0.831019 0.016667 0.030556
9 0.764844 0.155093 0.025521 0.043519
1 0.431771 0.756481 0.015625 0.029630
0 0.339062 0.629167 0.015625 0.026852
1 0.418229 0.349074 0.015625 0.027778
0 0.475781 0.692593 0.016146 0.029630
7 0.640885 0.715278 0.013021 0.019444
6 0.595573 0.676852 0.013021 0.024074
9 0.172396 0.146759 0.025000 0.043519
8 0.658073 0.620833 0.008854 0.013889
5 0.614323 0.593981 0.011979 0.025000
2 0.321354 0.479167 0.025000 0.043519
