3 0.451562 0.555093 0.663542 0.837963
4 0.335677 0.529167 0.070312 0.128704
7 0.473438 0.846759 0.012500 0.026852
9 0.132292 0.946759 0.025000 0.043519
9 0.172917 0.137037 0.025000 0.044444
1 0.723177 0.854167 0.017188 0.030556
9 0.782292 0.954167 0.025000 0.043519
9 0.765104 0.155556 0.025000 0.044444
0 0.716146 0.443519 0.015625 0.025926
1 0.534635 0.237500 0.014063 0.026852
1 0.302604 0.475926 0.014583 0.025926
6 0.497656 0.762963 0.014063 0.025926
0 0.448698 0.664815 0.015104 0.029630
0 0.513281 0.727315 0.015104 0.028704
1 0.482292 0.762963 0.014583 0.025926
0 0.158333 0.874074 0.016667 0.027778
5 0.543229 0.802778 0.011458 0.022222
