3 0.455729 0.565741 0.667708 0.844444
4 0.273438 0.422685 0.073958 0.123148
9 0.173177 0.137963 0.025521 0.042593
8 0.619531 0.366204 0.014063 0.023148
1 0.499740 0.423148 0.016146 0.027778
0 0.475781 0.692593 0.016146 0.029630
0 0.205729 0.767130 0.017708 0.028704
9 0.132031 0.947222 0.024479 0.042593
1 0.555990 0.699074 0.016146 0.029630
0 0.437240 0.278241 0.015104 0.026852
1 0.741667 0.831019 0.016667 0.030556
0 0.394010 0.287500 0.015104 0.026852
1 0.633073 0.264352 0.015104 0.026852
1 0.290104 0.176852 0.015625 0.027778
6 0.645312 0.477315 0.012500 0.023148
9 0.782813 0.953241 0.025000 0.043519
9 0.765104 0.154167 0.025000 0.043519
0 0.418229 0.436574 0.015625 0.026852
0 0.544792 0.624537 0.015625 0.026852
2 0.260417 0.459722 0.028125 0.039815
5 0.601562 0.443519 0.012500 0.022222
