3 0.448958 0.555556 0.662500 0.844444
4 0.335938 0.529167 0.070833 0.128704
8 0.628385 0.355093 0.014063 0.025000
9 0.782292 0.953704 0.025000 0.042593
6 0.626823 0.474537 0.014063 0.025000
9 0.172917 0.137037 0.025000 0.044444
1 0.759896 0.836111 0.016667 0.031481
1 0.556771 0.205556 0.014583 0.027778
0 0.518229 0.472685 0.015625 0.026852
9 0.765104 0.155556 0.025000 0.044444
0 0.523438 0.732870 0.015625 0.026852
9 0.131510 0.946759 0.025521 0.043519
1 0.302604 0.475926 0.014583 0.025926
0 0.513281 0.559259 0.015104 0.025926
5 0.594792 0.411574 0.011458 0.019444
