3 0.455729 0.556019 0.663542 0.832407
4 0.317188 0.531481 0.071875 0.125926
0 0.391667 0.318519 0.015625 0.025926
2 0.339583 0.518056 0.025000 0.041667
9 0.132292 0.946759 0.025000 0.043519
9 0.173437 0.137037 0.025000 0.044444
1 0.760417 0.840278 0.016667 0.030556
9 0.782292 0.954167 0.025000 0.043519
0 0.657813 0.716667 0.015625 0.027778
1 0.747135 0.189815 0.015104 0.025926
9 0.765365 0.155093 0.025521 0.043519
1 0.719792 0.383333 0.015625 0.027778
8 0.665104 0.416667 0.013542 0.022222
6 0.641406 0.530093 0.013021 0.025000
0 0.757552 0.525926 0.015104 0.025926
0 0.696354 0.671759 0.015625 0.026852
7 0.686719 0.502778 0.010937 0.014815
5 0.621875 0.451852 0.010417 0.020370
