3 0.453906 0.553704 0.664062 0.838889
4 0.317448 0.531944 0.071354 0.125000
0 0.391667 0.318056 0.015625 0.026852
2 0.339583 0.518056 0.025000 0.041667
1 0.603906 0.643519 0.016146 0.029630
0 0.692448 0.720833 0.015104 0.028704
9 0.782552 0.953704 0.025521 0.042593
6 0.586979 0.769907 0.014583 0.026852
9 0.132292 0.947685 0.025000 0.043519
9 0.173177 0.137037 0.024479 0.044444
9 0.765365 0.155093 0.025521 0.043519
1 0.760156 0.837963 0.017188 0.031481
1 0.513542 0.202315 0.014583 0.026852
0 0.683854 0.424537 0.015625 0.026852
7 0.614583 0.848611 0.013542 0.025000
5 0.628125 0.717593 0.011458 0.022222
0 0.590625 0.841667 0.014583 0.022222
