3 0.453906 0.556481 0.667188 0.837037
0 0.687500 0.194907 0.014583 0.026852
9 0.765365 0.154630 0.025521 0.044444
4 0.408333 0.504167 0.059375 0.119444
0 0.346615 0.440741 0.015104 0.025926
1 0.603125 0.346759 0.014583 0.026852
9 0.173437 0.137963 0.025000 0.044444
6 0.378646 0.293056 0.013542 0.023148
8 0.309375 0.264815 0.011458 0.018519
1 0.363542 0.466204 0.015625 0.026852
0 0.194531 0.729630 0.017188 0.027778
9 0.782031 0.953241 0.025521 0.043519
1 0.706250 0.782407 0.017708 0.031481
9 0.131510 0.947685 0.025521 0.043519
1 0.377083 0.558796 0.014583 0.025000
0 0.195312 0.437037 0.016667 0.027778
0 0.390104 0.498148 0.015625 0.025926
7 0.355729 0.220833 0.009375 0.019444
0 0.405990 0.542130 0.022396 0.045370
5 0.336719 0.335648 0.014063 0.023148
7 0.331250 0.210185 0.012500 0.024074
5 0.380990 0.261574 0.008854 0.015741
