3 0.452865 0.557407 0.660937 0.835185
4 0.316146 0.496296 0.072917 0.125926
9 0.173177 0.137500 0.025521 0.043519
0 0.391667 0.318519 0.015625 0.025926
0 0.704427 0.262963 0.015104 0.025926
6 0.522135 0.414815 0.010937 0.020370
0 0.681771 0.406481 0.015625 0.027778
1 0.760156 0.837963 0.017188 0.031481
8 0.474740 0.331481 0.011979 0.020370
1 0.508594 0.200463 0.014063 0.026852
0 0.692187 0.724074 0.016667 0.029630
9 0.782031 0.953704 0.025521 0.044444
1 0.686458 0.662963 0.016667 0.029630
0 0.573177 0.925926 0.017188 0.033333
9 0.765104 0.155093 0.025000 0.043519
9 0.131250 0.946759 0.025000 0.043519
5 0.472396 0.416667 0.016667 0.024074
2 0.299740 0.534722 0.036979 0.043519
