3 0.454427 0.551852 0.666146 0.833333
4 0.317188 0.531481 0.071875 0.125926
2 0.339583 0.518056 0.025000 0.041667
6 0.451823 0.707870 0.014063 0.026852
9 0.173177 0.137037 0.024479 0.044444
9 0.782552 0.953704 0.025521 0.042593
0 0.388021 0.320370 0.015625 0.025926
1 0.760417 0.840741 0.016667 0.031481
9 0.132292 0.947222 0.025000 0.044444
0 0.699740 0.641667 0.016146 0.027778
0 0.629427 0.716204 0.016146 0.028704
1 0.240104 0.549074 0.017708 0.027778
0 0.702344 0.381481 0.015104 0.025926
0 0.439844 0.456019 0.015104 0.026852
9 0.765365 0.154630 0.025521 0.042593
0 0.721354 0.387037 0.014583 0.025926
1 0.746615 0.184259 0.015104 0.025926
6 0.410156 0.763426 0.013021 0.026852
5 0.481250 0.778704 0.012500 0.022222
