3 0.449219 0.554167 0.663021 0.839815
4 0.335938 0.529167 0.070833 0.128704
0 0.441146 0.619444 0.013542 0.024074
9 0.172917 0.137500 0.025000 0.043519
9 0.132292 0.947685 0.025000 0.043519
9 0.782292 0.953704 0.025000 0.042593
1 0.759896 0.826852 0.016667 0.031481
1 0.571094 0.189352 0.014063 0.026852
7 0.395833 0.668056 0.013542 0.026852
6 0.443490 0.641667 0.013021 0.024074
9 0.765104 0.155093 0.025000 0.043519
1 0.302344 0.475926 0.015104 0.025926
0 0.523177 0.754630 0.015104 0.027778
0 0.613802 0.314815 0.015104 0.025926
1 0.427865 0.628241 0.013021 0.025000
0 0.158333 0.874074 0.016667 0.027778
8 0.408333 0.757870 0.011458 0.021296
5 0.457552 0.723148 0.013021 0.018519
