3 0.450521 0.556481 0.660417 0.842593
4 0.335677 0.529630 0.070312 0.127778
9 0.172917 0.137500 0.025000 0.043519
1 0.511719 0.698148 0.016146 0.029630
6 0.603125 0.423611 0.012500 0.023148
8 0.575260 0.315741 0.013021 0.024074
0 0.191406 0.730556 0.017188 0.027778
9 0.782292 0.953241 0.025000 0.043519
0 0.372656 0.458796 0.015104 0.026852
1 0.478906 0.617593 0.016146 0.027778
9 0.132031 0.947222 0.025521 0.044444
1 0.760156 0.836111 0.017188 0.031481
0 0.524479 0.733796 0.015625 0.028704
9 0.765365 0.155556 0.024479 0.044444
1 0.556510 0.205556 0.015104 0.027778
0 0.267448 0.270833 0.016146 0.026852
0 0.513802 0.551389 0.015104 0.026852
1 0.302344 0.475463 0.015104 0.026852
0 0.373698 0.772222 0.016146 0.029630
5 0.559115 0.393519 0.013021 0.022222
