0 0.265365 0.277315 0.016146 0.028704
2 0.765104 0.303241 0.031250 0.052778
1 0.320573 0.387037 0.016146 0.033333
1 0.310677 0.412963 0.016146 0.029630
1 0.487500 0.661574 0.018750 0.032407
1 0.389583 0.627778 0.017708 0.031481
0 0.520573 0.683796 0.016146 0.030556
0 0.545833 0.685648 0.015625 0.032407
6 0.495052 0.525926 0.009896 0.016667
7 0.491146 0.620370 0.012500 0.022222
5 0.567708 0.534722 0.012500 0.023148
8 0.563802 0.629167 0.010937 0.019444
4 0.574740 0.391667 0.069271 0.124074
3 0.541146 0.472222 0.612500 0.805556
