1 0.283594 0.275000 0.015104 0.022222
1 0.384375 0.199074 0.015625 0.025926
1 0.555208 0.460648 0.013542 0.025000
1 0.494271 0.824537 0.019792 0.028704
0 0.404167 0.817593 0.016667 0.022222
0 0.709896 0.679630 0.015625 0.027778
0 0.252344 0.397222 0.016146 0.024074
2 0.314583 0.356019 0.032292 0.041667
5 0.674740 0.495370 0.011979 0.016667
6 0.603646 0.533796 0.011458 0.019444
7 0.619792 0.625926 0.012500 0.020370
8 0.691146 0.584722 0.010417 0.019444
4 0.696875 0.404167 0.077083 0.134259
3 0.501823 0.474537 0.618229 0.810185
