0 0.512500 0.455093 0.014583 0.026852
0 0.660937 0.833796 0.016667 0.028704
0 0.279427 0.789352 0.017188 0.028704
2 0.779687 0.320833 0.031250 0.050926
1 0.753646 0.331481 0.016667 0.029630
1 0.787240 0.523148 0.016146 0.029630
1 0.402604 0.554167 0.014583 0.026852
1 0.439063 0.620833 0.017708 0.030556
4 0.468750 0.450926 0.066667 0.118519
5 0.784635 0.366204 0.010937 0.023148
6 0.716406 0.415278 0.013021 0.026852
8 0.805208 0.456481 0.011458 0.020370
7 0.734635 0.503704 0.013021 0.025926
3 0.542448 0.474074 0.613021 0.803704
