1 0.264583 0.444907 0.015625 0.021296
1 0.410938 0.667130 0.014583 0.019444
1 0.513802 0.718981 0.011979 0.023148
1 0.499740 0.817130 0.013021 0.021296
0 0.514062 0.797685 0.012500 0.019444
0 0.379948 0.772222 0.016146 0.022222
0 0.424740 0.334722 0.018229 0.023148
2 0.771615 0.550463 0.033854 0.054630
4 0.577083 0.460648 0.077083 0.132407
8 0.474740 0.667130 0.018229 0.025000
5 0.424219 0.695833 0.013021 0.019444
6 0.445833 0.819907 0.009375 0.019444
7 0.498177 0.790278 0.013021 0.021296
3 0.501302 0.472222 0.615104 0.807407
