3 0.533594 0.471759 0.609896 0.813889
4 0.583594 0.500926 0.061979 0.109259
1 0.440625 0.116204 0.015625 0.028704
1 0.271094 0.322685 0.017188 0.026852
1 0.251302 0.414815 0.017188 0.029630
1 0.653646 0.730556 0.016667 0.027778
0 0.663802 0.689352 0.016146 0.028704
0 0.387500 0.561574 0.015625 0.026852
2 0.333594 0.525463 0.025521 0.056481
0 0.813281 0.193519 0.016146 0.027778
8 0.461719 0.586574 0.013021 0.021296
7 0.532031 0.555556 0.013021 0.022222
6 0.545052 0.647685 0.011979 0.021296
5 0.474740 0.678241 0.013021 0.021296
