3 0.533594 0.471759 0.609896 0.813889
2 0.438021 0.110648 0.031250 0.047222
1 0.505208 0.406481 0.014583 0.025926
4 0.494792 0.442130 0.065625 0.115741
0 0.718229 0.793056 0.015625 0.026852
6 0.763802 0.825926 0.013021 0.024074
7 0.810937 0.778241 0.013542 0.023148
5 0.727083 0.711574 0.014583 0.025000
8 0.773958 0.664815 0.013542 0.024074
0 0.310677 0.425000 0.018229 0.029630
1 0.480729 0.765741 0.015625 0.027778
1 0.598958 0.783796 0.017708 0.030556
0 0.623958 0.811574 0.016667 0.028704
1 0.810156 0.687963 0.017188 0.027778
