0 0.450781 0.643981 0.018229 0.028704
0 0.582552 0.701389 0.017188 0.025000
0 0.586198 0.528241 0.018229 0.028704
2 0.681510 0.154167 0.035937 0.056481
1 0.264323 0.421759 0.016146 0.025000
1 0.490625 0.718519 0.013542 0.025926
1 0.787500 0.487037 0.015625 0.029630
1 0.695052 0.839352 0.018229 0.026852
6 0.276562 0.442130 0.009375 0.021296
7 0.251042 0.526852 0.010417 0.018519
5 0.341927 0.500926 0.013021 0.025926
8 0.317448 0.586111 0.013021 0.022222
4 0.431771 0.350463 0.072917 0.134259
3 0.504427 0.481944 0.621354 0.813889
