4 0.469531 0.452778 0.069271 0.118519
0 0.513542 0.453704 0.014583 0.025926
1 0.392708 0.584722 0.015625 0.026852
1 0.418750 0.651389 0.013542 0.025000
0 0.275781 0.789815 0.015104 0.027778
0 0.798177 0.790741 0.017188 0.025926
2 0.778646 0.321296 0.033333 0.051852
1 0.754167 0.329167 0.016667 0.025000
1 0.786719 0.522222 0.017188 0.029630
6 0.715104 0.413889 0.015625 0.022222
7 0.734896 0.504167 0.012500 0.023148
5 0.784375 0.368056 0.013542 0.021296
8 0.804948 0.458333 0.009896 0.020370
3 0.542188 0.474074 0.612500 0.803704
