2 0.530208 0.312500 0.036458 0.041667
4 0.571354 0.366204 0.063542 0.112037
1 0.563802 0.579167 0.016146 0.032407
1 0.504687 0.646296 0.013542 0.029630
0 0.326302 0.646296 0.015104 0.031481
0 0.314844 0.731019 0.016146 0.028704
1 0.428385 0.792130 0.015104 0.030556
1 0.417708 0.831019 0.016667 0.030556
0 0.600781 0.727315 0.015104 0.032407
7 0.549740 0.655556 0.016146 0.025926
6 0.586458 0.727315 0.012500 0.028704
5 0.532552 0.815741 0.016146 0.025926
8 0.496354 0.745833 0.013542 0.023148
3 0.541927 0.471759 0.611979 0.795370
