3 0.542188 0.471759 0.613542 0.800926
1 0.800000 0.175463 0.017708 0.028704
1 0.783854 0.530556 0.016667 0.027778
1 0.497396 0.730556 0.015625 0.027778
1 0.332552 0.619444 0.019271 0.025926
0 0.259375 0.816667 0.016667 0.027778
0 0.404948 0.543981 0.017188 0.026852
0 0.551302 0.429630 0.015104 0.025926
4 0.469531 0.452778 0.067187 0.116667
2 0.790104 0.287963 0.036458 0.051852
5 0.784896 0.368981 0.013542 0.021296
6 0.715885 0.414815 0.013021 0.022222
7 0.735417 0.504630 0.013542 0.024074
8 0.805469 0.457870 0.010937 0.021296
