0 0.227865 0.237500 0.015104 0.026852
0 0.403906 0.815741 0.014063 0.020370
0 0.709896 0.678704 0.014583 0.029630
2 0.313021 0.357870 0.034375 0.041667
1 0.348698 0.496296 0.018229 0.025926
1 0.293229 0.263889 0.016667 0.025926
1 0.348958 0.206019 0.012500 0.025000
1 0.502083 0.820370 0.011458 0.025926
6 0.603906 0.534259 0.010937 0.024074
5 0.673698 0.495370 0.009896 0.016667
7 0.621094 0.623611 0.010937 0.015741
8 0.690885 0.584259 0.008854 0.018519
4 0.696354 0.405093 0.076042 0.126852
3 0.502604 0.475000 0.619792 0.812963
