8 0.728385 0.491667 0.010937 0.020370
7 0.796094 0.545370 0.011979 0.024074
6 0.773438 0.631481 0.013542 0.025926
5 0.705469 0.578241 0.014063 0.025000
1 0.824219 0.743981 0.016146 0.032407
1 0.732292 0.833796 0.016667 0.030556
1 0.527604 0.680093 0.016667 0.030556
1 0.525521 0.359259 0.014583 0.027778
0 0.725781 0.152315 0.018229 0.026852
0 0.351042 0.620370 0.015625 0.029630
0 0.302865 0.830556 0.016146 0.029630
3 0.542969 0.470833 0.615104 0.802778
4 0.480469 0.442130 0.064062 0.115741
2 0.507031 0.461574 0.023438 0.058333
