1 0.681510 0.136111 0.016146 0.031481
1 0.505469 0.385648 0.016146 0.025000
1 0.819010 0.720833 0.017188 0.032407
1 0.724479 0.736574 0.016667 0.030556
0 0.751042 0.214352 0.017708 0.030556
0 0.350521 0.462037 0.017708 0.025926
0 0.302865 0.832407 0.018229 0.027778
2 0.534896 0.456944 0.026042 0.056481
4 0.480469 0.441667 0.065104 0.120370
3 0.542448 0.469444 0.613021 0.807407
8 0.728385 0.491667 0.013021 0.025926
7 0.795573 0.544444 0.013021 0.025926
5 0.706250 0.579630 0.014583 0.025926
6 0.773438 0.632870 0.013542 0.028704
