0 0.272135 0.177778 0.016146 0.027778
2 0.538802 0.338889 0.026562 0.053704
1 0.760417 0.103704 0.014583 0.027778
1 0.746354 0.208796 0.014583 0.025000
1 0.793750 0.207407 0.016667 0.027778
1 0.254167 0.475000 0.012500 0.029630
0 0.279948 0.593981 0.017188 0.025000
0 0.313802 0.626389 0.015104 0.026852
4 0.534635 0.458796 0.072396 0.126852
7 0.492188 0.611111 0.014583 0.024074
8 0.458073 0.725463 0.013021 0.023148
6 0.539583 0.657407 0.013542 0.025926
5 0.505729 0.772222 0.013542 0.027778
3 0.542448 0.470833 0.609896 0.799074
