3 0.510938 0.474074 0.628125 0.833333
1 0.333333 0.208333 0.016667 0.027778
1 0.386979 0.661574 0.014583 0.026852
1 0.404167 0.791204 0.015625 0.028704
0 0.413281 0.812500 0.015104 0.028704
0 0.574479 0.794907 0.015625 0.028704
2 0.554688 0.828241 0.032292 0.047222
1 0.753385 0.745833 0.017188 0.028704
0 0.713542 0.706481 0.016667 0.025926
8 0.672396 0.682870 0.013542 0.025000
5 0.629687 0.741667 0.014583 0.025926
6 0.676042 0.844907 0.014583 0.025000
7 0.719271 0.787500 0.013542 0.025000
4 0.657813 0.242130 0.071875 0.130556
