0 0.237500 0.822685 0.012500 0.017593
0 0.269010 0.826389 0.008854 0.025000
0 0.475000 0.833333 0.013542 0.025926
2 0.319010 0.427778 0.026562 0.055556
1 0.535677 0.522685 0.008854 0.017593
1 0.578906 0.706944 0.008854 0.023148
1 0.604167 0.759722 0.008333 0.019444
1 0.665885 0.746759 0.011979 0.023148
4 0.531510 0.412037 0.069271 0.137037
6 0.617969 0.300926 0.007812 0.018519
5 0.628646 0.171759 0.007292 0.019444
8 0.681510 0.181944 0.005729 0.013889
7 0.671615 0.313889 0.009896 0.018519
3 0.498958 0.482407 0.615625 0.814815
