0 0.773438 0.540741 0.015625 0.024074
0 0.751302 0.810185 0.013021 0.025926
0 0.492969 0.700000 0.008854 0.020370
1 0.351562 0.543519 0.010417 0.024074
1 0.408594 0.586574 0.010937 0.021296
1 0.577604 0.643519 0.009375 0.020370
1 0.779167 0.364352 0.011458 0.021296
2 0.272656 0.788889 0.029687 0.064815
4 0.479427 0.386111 0.076563 0.133333
5 0.440625 0.581944 0.009375 0.021296
8 0.483073 0.522222 0.014063 0.022222
7 0.527865 0.623611 0.010937 0.023148
6 0.484896 0.680556 0.012500 0.018519
3 0.501563 0.475000 0.617708 0.809259
