3 0.533594 0.471759 0.609896 0.813889
4 0.562500 0.497685 0.065625 0.115741
7 0.510677 0.239352 0.011979 0.021296
6 0.563542 0.221759 0.011458 0.021296
8 0.524479 0.366204 0.011458 0.021296
5 0.576302 0.349537 0.013021 0.021296
1 0.598177 0.281481 0.016146 0.027778
2 0.547917 0.823611 0.032292 0.045370
1 0.362760 0.148611 0.016146 0.028704
1 0.396875 0.201389 0.016667 0.028704
1 0.316667 0.637500 0.016667 0.028704
0 0.273958 0.640741 0.016667 0.027778
0 0.371354 0.622685 0.015625 0.028704
0 0.448437 0.443056 0.015625 0.028704
