0 0.271615 0.289352 0.016146 0.030556
2 0.760417 0.294907 0.034375 0.058333
1 0.366146 0.382407 0.015625 0.035185
1 0.369010 0.601389 0.016146 0.028704
1 0.428646 0.689352 0.017708 0.028704
1 0.487760 0.662037 0.016146 0.033333
0 0.519271 0.682407 0.015625 0.029630
0 0.546094 0.684722 0.015104 0.032407
4 0.573698 0.391204 0.073438 0.125000
6 0.496094 0.525926 0.011979 0.018519
3 0.543750 0.473148 0.615625 0.801852
5 0.567969 0.534722 0.011979 0.023148
7 0.491667 0.619907 0.010417 0.021296
8 0.563542 0.631944 0.012500 0.021296
