0 0.236458 0.824537 0.010417 0.019444
0 0.268750 0.826852 0.011458 0.022222
0 0.475781 0.834259 0.010937 0.027778
1 0.393229 0.630093 0.012500 0.017593
1 0.507031 0.583333 0.008854 0.018519
1 0.531250 0.545370 0.012500 0.022222
1 0.561458 0.812037 0.011458 0.018519
2 0.316927 0.428704 0.029687 0.048148
4 0.534896 0.409259 0.076042 0.135185
5 0.629427 0.169444 0.008854 0.020370
6 0.618490 0.300463 0.009896 0.017593
7 0.671354 0.313426 0.009375 0.023148
8 0.682813 0.182407 0.006250 0.014815
3 0.501042 0.481019 0.617708 0.806481
