3 0.455990 0.558333 0.673438 0.842593
4 0.465885 0.556481 0.072396 0.129630
0 0.630729 0.234722 0.015625 0.026852
7 0.480729 0.313426 0.014583 0.025000
1 0.548698 0.837500 0.016146 0.030556
0 0.568750 0.517130 0.015625 0.026852
1 0.540625 0.258333 0.014583 0.025926
1 0.694531 0.788426 0.018229 0.032407
1 0.667969 0.671759 0.016146 0.030556
6 0.456250 0.383333 0.014583 0.025926
0 0.252604 0.626852 0.016667 0.025926
5 0.414323 0.339815 0.016146 0.025926
2 0.450521 0.598148 0.036458 0.046296
9 0.173177 0.137500 0.025521 0.043519
9 0.765365 0.155093 0.025521 0.043519
9 0.782552 0.954167 0.025521 0.043519
9 0.132552 0.947685 0.025521 0.043519
