3 0.453906 0.558333 0.671354 0.842593
4 0.549479 0.574074 0.060417 0.111111
0 0.270052 0.262500 0.016146 0.026852
0 0.634896 0.181019 0.014583 0.026852
8 0.202344 0.712963 0.014063 0.025926
1 0.192188 0.406019 0.017708 0.028704
6 0.229948 0.591667 0.014063 0.025926
0 0.041406 0.609722 0.018229 0.026852
1 0.701562 0.650000 0.016667 0.031481
2 0.574479 0.575926 0.023958 0.042593
1 0.671094 0.926852 0.018229 0.033333
0 0.385937 0.532407 0.015625 0.027778
5 0.250000 0.669907 0.014583 0.025000
9 0.173177 0.137500 0.025521 0.043519
9 0.765365 0.155093 0.025521 0.043519
9 0.782552 0.954167 0.025521 0.043519
9 0.132552 0.947685 0.025521 0.043519
