3 0.454427 0.555556 0.671354 0.842593
4 0.467969 0.549074 0.073438 0.127778
6 0.396615 0.665278 0.014063 0.025000
2 0.491146 0.578241 0.023958 0.056481
1 0.569271 0.181019 0.015625 0.026852
1 0.542708 0.818056 0.015625 0.028704
1 0.731250 0.666204 0.016667 0.028704
0 0.551302 0.851389 0.016146 0.030556
1 0.427083 0.572685 0.014583 0.026852
8 0.397396 0.791667 0.014583 0.027778
0 0.500260 0.659259 0.015104 0.025926
0 0.283333 0.750463 0.016667 0.028704
5 0.432552 0.719907 0.016146 0.026852
2 0.875781 0.292130 0.027604 0.067593
9 0.173177 0.137500 0.025521 0.043519
9 0.765365 0.155093 0.025521 0.043519
9 0.782552 0.954167 0.025521 0.043519
9 0.132552 0.947685 0.025521 0.043519
2 0.492969 0.579167 0.023438 0.056481
