3 0.450260 0.564352 0.684896 0.843519
4 0.279427 0.446759 0.076563 0.125000
6 0.458854 0.505556 0.013542 0.024074
1 0.163542 0.755093 0.017708 0.030556
0 0.238021 0.894444 0.017708 0.031481
1 0.747396 0.455093 0.015625 0.026852
0 0.698698 0.640741 0.016146 0.027778
1 0.327083 0.618056 0.015625 0.026852
1 0.748958 0.832870 0.017708 0.032407
0 0.563281 0.619907 0.016146 0.028704
0 0.737760 0.667130 0.016146 0.026852
0 0.299219 0.616204 0.016146 0.025000
8 0.394531 0.554630 0.014063 0.025926
7 0.410938 0.473148 0.009375 0.020370
2 0.292708 0.401852 0.033333 0.048148
5 0.440885 0.583333 0.013021 0.020370
9 0.173177 0.137500 0.025521 0.043519
9 0.765365 0.155093 0.025521 0.043519
9 0.782552 0.954167 0.025521 0.043519
9 0.132552 0.947685 0.025521 0.043519
