3 0.456510 0.560185 0.673438 0.848148
4 0.422135 0.520370 0.073438 0.129630
0 0.284896 0.229630 0.015625 0.025926
1 0.729167 0.466667 0.015625 0.027778
0 0.658333 0.468981 0.015625 0.026852
1 0.751042 0.477778 0.016667 0.027778
1 0.180469 0.559722 0.018229 0.028704
1 0.384635 0.603241 0.016146 0.028704
7 0.333594 0.310185 0.014063 0.024074
0 0.577604 0.523611 0.014583 0.026852
6 0.354427 0.383796 0.014063 0.025000
2 0.442708 0.491667 0.023958 0.042593
9 0.173177 0.137500 0.025521 0.043519
9 0.765365 0.155093 0.025521 0.043519
9 0.782552 0.954167 0.025521 0.043519
9 0.132552 0.947685 0.025521 0.043519
5 0.309635 0.420833 0.010937 0.013889
