3 0.455469 0.558333 0.671354 0.844444
4 0.467969 0.549537 0.073438 0.128704
1 0.598698 0.262963 0.016146 0.027778
0 0.644271 0.784259 0.016667 0.029630
2 0.498177 0.574537 0.027604 0.056481
1 0.741406 0.281019 0.015104 0.026852
0 0.565365 0.844907 0.015104 0.028704
1 0.744531 0.672685 0.017188 0.030556
1 0.427083 0.573148 0.014583 0.027778
8 0.517448 0.808333 0.011979 0.024074
0 0.501302 0.662037 0.015104 0.027778
6 0.466927 0.718519 0.011979 0.022222
9 0.173177 0.137500 0.025521 0.043519
9 0.765365 0.155093 0.025521 0.043519
9 0.782552 0.954167 0.025521 0.043519
9 0.132552 0.947685 0.025521 0.043519
5 0.517708 0.715741 0.010417 0.020370
7 0.467187 0.810185 0.012500 0.018519
