3 0.455729 0.559722 0.668750 0.843519
4 0.408594 0.504630 0.058854 0.116667
1 0.363542 0.466204 0.015625 0.026852
0 0.190365 0.436574 0.017188 0.026852
1 0.333073 0.212500 0.015104 0.026852
1 0.603385 0.347685 0.015104 0.026852
0 0.687500 0.195833 0.015625 0.026852
1 0.712500 0.802315 0.017708 0.032407
0 0.346875 0.441204 0.015625 0.026852
1 0.377604 0.559259 0.014583 0.025926
0 0.277865 0.379630 0.016146 0.027778
0 0.787240 0.614352 0.013021 0.025000
6 0.434635 0.642593 0.011979 0.022222
8 0.488802 0.720833 0.013021 0.023148
0 0.390104 0.498611 0.015625 0.025000
7 0.440365 0.733796 0.011979 0.019444
0 0.406250 0.543056 0.023958 0.043519
9 0.173177 0.137500 0.025521 0.043519
9 0.765365 0.155093 0.025521 0.043519
9 0.782552 0.954167 0.025521 0.043519
9 0.132552 0.947685 0.025521 0.043519
5 0.484375 0.632407 0.013542 0.024074
