3 0.455729 0.560648 0.672917 0.845370
4 0.418490 0.520833 0.058854 0.106481
1 0.218229 0.461574 0.017708 0.026852
1 0.548958 0.817130 0.016667 0.030556
1 0.692448 0.234259 0.015104 0.025926
1 0.442708 0.536111 0.014583 0.025926
1 0.727865 0.590278 0.016146 0.028704
8 0.375781 0.179167 0.007812 0.013889
6 0.433594 0.249537 0.011979 0.021296
7 0.427604 0.169444 0.009375 0.020370
9 0.173177 0.137500 0.025521 0.043519
9 0.765365 0.155093 0.025521 0.043519
9 0.782552 0.954167 0.025521 0.043519
9 0.132552 0.947685 0.025521 0.043519
2 0.391667 0.517593 0.022917 0.040741
0 0.416927 0.553241 0.011979 0.023148
0 0.541667 0.412037 0.015625 0.027778
5 0.387500 0.262500 0.009375 0.012037
