3 0.454948 0.551389 0.672396 0.837963
4 0.317448 0.532407 0.071354 0.124074
0 0.232031 0.227315 0.016146 0.026852
0 0.548958 0.237963 0.014583 0.025926
1 0.369792 0.472222 0.016667 0.027778
0 0.400521 0.392130 0.015625 0.025000
0 0.267969 0.270370 0.015104 0.025926
1 0.757292 0.837037 0.017708 0.031481
1 0.426302 0.481481 0.016146 0.027778
7 0.475781 0.853241 0.013021 0.026852
0 0.477865 0.583333 0.015104 0.025926
0 0.560156 0.629167 0.015104 0.026852
6 0.498958 0.768519 0.014583 0.025926
1 0.480729 0.775000 0.013542 0.024074
2 0.340104 0.518056 0.025000 0.041667
9 0.173177 0.137500 0.025521 0.043519
9 0.765365 0.155093 0.025521 0.043519
9 0.782552 0.954167 0.025521 0.043519
9 0.132552 0.947685 0.025521 0.043519
5 0.544792 0.807870 0.011458 0.021296
