3 0.455729 0.558333 0.676042 0.844444
4 0.467448 0.555556 0.072396 0.133333
1 0.468229 0.478241 0.014583 0.026852
1 0.651823 0.319907 0.016146 0.026852
2 0.452865 0.598611 0.026562 0.056481
0 0.720833 0.791667 0.016667 0.029630
0 0.424740 0.918056 0.016146 0.032407
6 0.452344 0.737037 0.011979 0.022222
8 0.507552 0.817593 0.013021 0.022222
9 0.173177 0.137500 0.025521 0.043519
9 0.765365 0.155093 0.025521 0.043519
9 0.782552 0.954167 0.025521 0.043519
9 0.132552 0.947685 0.025521 0.043519
5 0.500781 0.724074 0.007812 0.018519
7 0.458594 0.831019 0.008854 0.015741
1 0.441927 0.762963 0.006771 0.012963
1 0.733854 0.253241 0.009375 0.021296
