3 0.455729 0.561111 0.669792 0.840741
4 0.417708 0.526389 0.060417 0.115741
7 0.454167 0.181944 0.011458 0.021296
0 0.692187 0.243519 0.014583 0.025926
0 0.731510 0.193519 0.015104 0.025926
0 0.669531 0.785648 0.017188 0.030556
1 0.377865 0.558796 0.015104 0.026852
0 0.252083 0.462963 0.016667 0.027778
1 0.567187 0.640741 0.016667 0.029630
1 0.743229 0.848148 0.016667 0.027778
1 0.758333 0.724537 0.017708 0.032407
1 0.760417 0.869444 0.016667 0.029630
6 0.449479 0.262037 0.011458 0.020370
0 0.739583 0.820370 0.018750 0.027778
0 0.416927 0.564815 0.024479 0.044444
9 0.173177 0.137500 0.025521 0.043519
9 0.765365 0.155093 0.025521 0.043519
9 0.782552 0.954167 0.025521 0.043519
9 0.132552 0.947685 0.025521 0.043519
5 0.403125 0.252778 0.010417 0.020370
