3 0.454948 0.563889 0.669271 0.840741
4 0.317448 0.426389 0.067187 0.121296
6 0.419531 0.495833 0.014063 0.025000
2 0.326823 0.480093 0.023438 0.056481
1 0.375260 0.294444 0.016146 0.027778
0 0.501563 0.193519 0.014583 0.025926
8 0.349740 0.514815 0.015104 0.024074
1 0.280990 0.200926 0.017188 0.029630
1 0.672656 0.408796 0.016146 0.026852
0 0.329948 0.750000 0.016146 0.029630
0 0.349479 0.930093 0.016667 0.034259
0 0.609635 0.560648 0.015104 0.028704
1 0.302344 0.918519 0.019271 0.037037
0 0.295833 0.323611 0.015625 0.026852
7 0.383073 0.440741 0.009896 0.014815
5 0.390365 0.563426 0.013021 0.023148
9 0.173177 0.137500 0.025521 0.043519
9 0.765365 0.155093 0.025521 0.043519
9 0.782552 0.954167 0.025521 0.043519
9 0.132552 0.947685 0.025521 0.043519
