3 0.453906 0.557870 0.669271 0.845370
4 0.335417 0.526852 0.063542 0.112963
0 0.158333 0.874537 0.017708 0.028704
1 0.258073 0.193056 0.016146 0.026852
0 0.322656 0.603704 0.016146 0.025926
0 0.418229 0.770833 0.015625 0.030556
0 0.562500 0.649074 0.016667 0.027778
1 0.336458 0.620370 0.015625 0.027778
1 0.467187 0.625000 0.015625 0.027778
1 0.321354 0.458333 0.015625 0.025926
6 0.596875 0.779630 0.014583 0.025926
7 0.613021 0.868519 0.015625 0.027778
2 0.333073 0.485185 0.024479 0.044444
1 0.573177 0.831481 0.011979 0.029630
5 0.644792 0.750463 0.014583 0.030556
9 0.173177 0.137500 0.025521 0.043519
9 0.765365 0.155093 0.025521 0.043519
9 0.782552 0.954167 0.025521 0.043519
9 0.132552 0.947685 0.025521 0.043519
