3 0.455990 0.558333 0.677604 0.840741
4 0.467969 0.552315 0.073438 0.128704
6 0.378906 0.436574 0.014063 0.025000
1 0.598698 0.262500 0.016146 0.028704
1 0.740104 0.279167 0.015625 0.026852
2 0.483594 0.507407 0.026562 0.053704
0 0.644792 0.756481 0.016667 0.029630
8 0.311198 0.470370 0.015104 0.025926
1 0.744271 0.673148 0.017708 0.031481
1 0.432031 0.625926 0.015104 0.027778
0 0.533594 0.766667 0.015104 0.027778
0 0.501563 0.661574 0.015625 0.026852
5 0.354427 0.507870 0.013021 0.021296
9 0.173177 0.137500 0.025521 0.043519
9 0.765365 0.155093 0.025521 0.043519
9 0.782552 0.954167 0.025521 0.043519
9 0.132552 0.947685 0.025521 0.043519
