3 0.454167 0.556019 0.670833 0.841667
4 0.335938 0.529630 0.070833 0.127778
1 0.302865 0.475926 0.015104 0.025926
1 0.760156 0.827778 0.017188 0.033333
1 0.571615 0.189815 0.014063 0.027778
8 0.408854 0.757870 0.010417 0.021296
7 0.395313 0.668519 0.012500 0.025926
1 0.427865 0.628241 0.013021 0.025000
6 0.443750 0.642593 0.012500 0.022222
9 0.173177 0.137500 0.025521 0.043519
9 0.765365 0.155093 0.025521 0.043519
9 0.782552 0.954167 0.025521 0.043519
9 0.132552 0.947685 0.025521 0.043519
5 0.458333 0.723611 0.012500 0.017593
0 0.614844 0.314352 0.014063 0.028704
0 0.523698 0.755556 0.017188 0.025926
0 0.442188 0.618981 0.014583 0.023148
0 0.157812 0.872685 0.014583 0.025000
