3 0.453385 0.557870 0.671354 0.845370
4 0.317188 0.532407 0.070833 0.124074
0 0.614323 0.218056 0.015104 0.026852
1 0.262500 0.631019 0.017708 0.026852
0 0.372917 0.373611 0.015625 0.026852
1 0.369792 0.471759 0.016667 0.026852
0 0.428125 0.373148 0.014583 0.025926
1 0.760677 0.841204 0.017188 0.032407
0 0.679688 0.483333 0.016667 0.027778
6 0.510677 0.418056 0.013021 0.023148
0 0.560156 0.629167 0.016146 0.026852
0 0.478125 0.586574 0.015625 0.026852
8 0.448177 0.371759 0.014063 0.023148
2 0.339583 0.518056 0.025000 0.041667
5 0.514583 0.384722 0.008333 0.013889
5 0.466667 0.450926 0.014583 0.027778
9 0.173177 0.137500 0.025521 0.043519
9 0.765365 0.155093 0.025521 0.043519
9 0.782552 0.954167 0.025521 0.043519
9 0.132552 0.947685 0.025521 0.043519
