3 0.455208 0.565278 0.669792 0.845370
4 0.315104 0.425926 0.061458 0.116667
6 0.420312 0.474537 0.014583 0.025000
1 0.919531 0.706944 0.018229 0.030556
1 0.566406 0.513889 0.015104 0.025926
0 0.420833 0.179630 0.015625 0.027778
2 0.310677 0.376389 0.032813 0.045370
1 0.250521 0.499537 0.017708 0.026852
1 0.672656 0.409259 0.016146 0.027778
8 0.351042 0.472222 0.014583 0.018519
7 0.390365 0.408333 0.009896 0.016667
0 0.284896 0.483333 0.016667 0.025926
0 0.296615 0.325463 0.016146 0.026852
5 0.383073 0.534259 0.016146 0.031481
5 0.418490 0.438889 0.008854 0.014815
9 0.173177 0.137500 0.025521 0.043519
9 0.765365 0.155093 0.025521 0.043519
9 0.782552 0.954167 0.025521 0.043519
9 0.132552 0.947685 0.025521 0.043519
