3 0.454688 0.562500 0.670833 0.843519
4 0.272656 0.423148 0.074479 0.125926
0 0.653646 0.305556 0.018750 0.025926
2 0.296615 0.447685 0.028646 0.056481
0 0.702604 0.475463 0.016667 0.028704
1 0.651042 0.724074 0.018750 0.038889
0 0.538802 0.536111 0.016146 0.027778
6 0.468490 0.698148 0.015104 0.025926
0 0.256250 0.399074 0.015625 0.025926
0 0.374479 0.398611 0.016667 0.028704
1 0.159375 0.761111 0.016667 0.029630
0 0.402865 0.444444 0.015104 0.025926
1 0.742188 0.831019 0.016667 0.032407
1 0.382292 0.454167 0.015625 0.028704
1 0.175781 0.750463 0.017188 0.030556
7 0.426042 0.748611 0.013542 0.028704
9 0.173177 0.137500 0.025521 0.043519
9 0.765365 0.155093 0.025521 0.043519
9 0.782552 0.954167 0.025521 0.043519
9 0.132552 0.947685 0.025521 0.043519
5 0.495573 0.770833 0.013021 0.025000
