3 0.454167 0.556944 0.671875 0.847222
4 0.335417 0.526852 0.063542 0.112963
0 0.158333 0.874537 0.017708 0.028704
0 0.569792 0.650463 0.015625 0.028704
1 0.257812 0.193519 0.016667 0.027778
1 0.598177 0.854167 0.016146 0.030556
1 0.336719 0.619907 0.016146 0.026852
0 0.322396 0.603704 0.015625 0.025926
1 0.467969 0.594444 0.015104 0.027778
0 0.419531 0.770833 0.015104 0.030556
1 0.321094 0.458333 0.015104 0.025926
6 0.674479 0.631019 0.011458 0.023148
7 0.723437 0.650000 0.012500 0.020370
8 0.730990 0.554167 0.011979 0.015741
2 0.333073 0.485185 0.024479 0.044444
9 0.173177 0.137500 0.025521 0.043519
9 0.765365 0.155093 0.025521 0.043519
9 0.782552 0.954167 0.025521 0.043519
9 0.132552 0.947685 0.025521 0.043519
5 0.682552 0.543519 0.008854 0.018519
