3 0.454427 0.554630 0.669271 0.840741
4 0.429688 0.569444 0.064583 0.114815
6 0.313542 0.676852 0.015625 0.025926
1 0.661198 0.667593 0.016146 0.029630
0 0.642969 0.364352 0.015104 0.026852
1 0.718229 0.817130 0.017708 0.030556
0 0.246354 0.480556 0.016667 0.027778
1 0.694271 0.828704 0.017708 0.031481
1 0.673438 0.395833 0.015625 0.028704
0 0.577344 0.525463 0.015104 0.026852
8 0.302604 0.806481 0.014583 0.027778
5 0.342708 0.745833 0.014583 0.028704
2 0.453385 0.573611 0.024479 0.041667
9 0.173177 0.137500 0.025521 0.043519
9 0.765365 0.155093 0.025521 0.043519
9 0.782552 0.954167 0.025521 0.043519
9 0.132552 0.947685 0.025521 0.043519
