3 0.456771 0.561111 0.669792 0.844444
0 0.687760 0.195833 0.015104 0.026852
4 0.408333 0.504167 0.059375 0.115741
8 0.309635 0.264815 0.010937 0.020370
1 0.363802 0.465741 0.015104 0.025926
0 0.195312 0.437037 0.016667 0.025926
0 0.194531 0.730093 0.017188 0.028704
1 0.603385 0.347685 0.015104 0.026852
6 0.378646 0.293056 0.013542 0.023148
7 0.355990 0.221296 0.009896 0.020370
1 0.377604 0.559259 0.014583 0.025926
1 0.706250 0.783796 0.017708 0.032407
0 0.346875 0.441204 0.015625 0.026852
0 0.389844 0.498611 0.016146 0.025000
5 0.380990 0.261574 0.009896 0.015741
1 0.330729 0.210185 0.010417 0.024074
5 0.337500 0.334722 0.014583 0.023148
0 0.406250 0.542130 0.022917 0.045370
9 0.173177 0.137500 0.025521 0.043519
9 0.765365 0.155093 0.025521 0.043519
9 0.782552 0.954167 0.025521 0.043519
9 0.132552 0.947685 0.025521 0.043519
