3 0.460677 0.564352 0.684896 0.850926
4 0.311719 0.440278 0.060937 0.108333
2 0.277344 0.442593 0.032813 0.050000
1 0.428906 0.312037 0.015104 0.025926
1 0.205729 0.629167 0.017708 0.028704
0 0.417969 0.343519 0.015104 0.025926
0 0.263802 0.707407 0.018229 0.029630
1 0.548438 0.504167 0.015625 0.028704
0 0.732812 0.456481 0.015625 0.025926
0 0.252344 0.287963 0.016146 0.025926
6 0.620313 0.682407 0.012500 0.024074
1 0.551042 0.622222 0.016667 0.027778
1 0.477083 0.675000 0.015625 0.027778
0 0.316927 0.528704 0.016146 0.025926
7 0.667448 0.712500 0.013021 0.017593
8 0.680729 0.617130 0.011458 0.019444
9 0.173177 0.137500 0.025521 0.043519
9 0.765365 0.155093 0.025521 0.043519
9 0.782552 0.954167 0.025521 0.043519
9 0.132552 0.947685 0.025521 0.043519
5 0.632292 0.597685 0.014583 0.025000
