3 0.454688 0.565741 0.672917 0.842593
4 0.272396 0.423611 0.073958 0.126852
0 0.409375 0.256019 0.014583 0.026852
2 0.296354 0.447685 0.029167 0.056481
0 0.548177 0.256481 0.014063 0.025926
1 0.167969 0.745370 0.018229 0.031481
1 0.698438 0.426852 0.015625 0.027778
0 0.389583 0.388426 0.015625 0.026852
1 0.289323 0.180556 0.016146 0.027778
6 0.565104 0.426389 0.011458 0.019444
1 0.741927 0.831944 0.017188 0.032407
0 0.752604 0.454167 0.016667 0.026852
1 0.614583 0.756481 0.015625 0.029630
8 0.514062 0.349537 0.012500 0.021296
0 0.258333 0.403241 0.015625 0.025000
5 0.518229 0.432870 0.011458 0.023148
9 0.173177 0.137500 0.025521 0.043519
9 0.765365 0.155093 0.025521 0.043519
9 0.782552 0.954167 0.025521 0.043519
9 0.132552 0.947685 0.025521 0.043519
