3 0.454948 0.566204 0.672396 0.841667
4 0.272917 0.423611 0.073958 0.125000
1 0.228646 0.477315 0.016667 0.026852
1 0.624219 0.753241 0.016146 0.028704
0 0.752604 0.454167 0.016667 0.026852
0 0.427344 0.444444 0.015104 0.025926
1 0.248958 0.504167 0.016667 0.026852
2 0.296354 0.447685 0.029167 0.056481
1 0.289323 0.180556 0.016146 0.027778
1 0.741927 0.832407 0.017188 0.031481
0 0.272396 0.524074 0.016667 0.027778
0 0.257812 0.402778 0.015625 0.025926
0 0.426042 0.578704 0.015625 0.027778
8 0.719792 0.497222 0.012500 0.022222
6 0.679688 0.597222 0.011458 0.022222
7 0.728906 0.591204 0.011979 0.013889
5 0.698177 0.618056 0.006771 0.010185
9 0.173177 0.137500 0.025521 0.043519
9 0.765365 0.155093 0.025521 0.043519
9 0.782552 0.954167 0.025521 0.043519
9 0.132552 0.947685 0.025521 0.043519
5 0.672396 0.509722 0.009375 0.019444
