3 0.455990 0.557870 0.673438 0.845370
4 0.467187 0.555556 0.072917 0.131481
1 0.468229 0.478704 0.014583 0.025926
6 0.515104 0.411111 0.014583 0.025926
7 0.545573 0.348611 0.014063 0.025000
1 0.690104 0.361111 0.016667 0.027778
2 0.452865 0.598611 0.026562 0.056481
1 0.672917 0.190741 0.014583 0.025926
0 0.721094 0.791204 0.016146 0.028704
1 0.485156 0.704167 0.015104 0.026852
0 0.424740 0.918056 0.016146 0.032407
5 0.477083 0.355556 0.018750 0.027778
9 0.173177 0.137500 0.025521 0.043519
9 0.765365 0.155093 0.025521 0.043519
9 0.782552 0.954167 0.025521 0.043519
9 0.132552 0.947685 0.025521 0.043519
