3 0.455208 0.566204 0.670833 0.841667
4 0.273958 0.422685 0.075000 0.123148
0 0.462500 0.385648 0.015625 0.026852
0 0.559635 0.475000 0.018229 0.027778
0 0.559375 0.314352 0.015625 0.026852
0 0.437240 0.278241 0.015104 0.026852
1 0.594010 0.575926 0.016146 0.027778
6 0.663542 0.785648 0.015625 0.026852
7 0.697917 0.856019 0.017708 0.028704
1 0.290365 0.177778 0.016146 0.027778
1 0.651302 0.220370 0.015104 0.027778
0 0.205729 0.767130 0.017708 0.028704
0 0.526563 0.628704 0.015625 0.027778
1 0.740885 0.839815 0.014063 0.016667
1 0.656510 0.814352 0.015104 0.028704
9 0.173177 0.137500 0.025521 0.043519
9 0.765365 0.155093 0.025521 0.043519
9 0.782552 0.954167 0.025521 0.043519
9 0.132552 0.947685 0.025521 0.043519
5 0.700521 0.725926 0.012500 0.024074
2 0.261458 0.460648 0.029167 0.039815
