3 0.454688 0.559259 0.670833 0.846296
0 0.703646 0.228704 0.015625 0.025926
1 0.582552 0.477315 0.016146 0.026852
6 0.364323 0.305093 0.014063 0.025000
1 0.218750 0.247685 0.016667 0.026852
0 0.243750 0.860185 0.017708 0.029630
7 0.338802 0.236111 0.009896 0.020370
1 0.356510 0.464815 0.016146 0.025926
1 0.159115 0.894444 0.018229 0.029630
0 0.288542 0.530093 0.016667 0.026852
1 0.378125 0.558796 0.015625 0.025000
0 0.254948 0.670833 0.016146 0.026852
8 0.294792 0.288426 0.012500 0.023148
0 0.360417 0.644907 0.016667 0.026852
0 0.390104 0.503704 0.015625 0.025926
4 0.411719 0.500926 0.065104 0.109259
2 0.432552 0.496759 0.023438 0.043519
9 0.173177 0.137500 0.025521 0.043519
9 0.765365 0.155093 0.025521 0.043519
9 0.782552 0.954167 0.025521 0.043519
9 0.132552 0.947685 0.025521 0.043519
5 0.323698 0.352778 0.013021 0.020370
