3 0.453646 0.552315 0.672917 0.843519
4 0.336198 0.530093 0.071354 0.126852
1 0.534896 0.238889 0.014583 0.027778
1 0.302865 0.475926 0.015104 0.025926
1 0.723177 0.855556 0.017188 0.031481
6 0.497656 0.762963 0.014063 0.025926
7 0.473958 0.847222 0.013542 0.027778
1 0.482292 0.763426 0.014583 0.026852
9 0.173177 0.137500 0.025521 0.043519
9 0.765365 0.155093 0.025521 0.043519
9 0.782552 0.954167 0.025521 0.043519
9 0.132552 0.947685 0.025521 0.043519
5 0.543490 0.803241 0.010937 0.023148
0 0.449219 0.664815 0.015104 0.029630
0 0.158854 0.874074 0.017708 0.031481
0 0.514323 0.727315 0.015104 0.026852
0 0.716146 0.443519 0.015625 0.022222
