3 0.454167 0.563426 0.668750 0.841667
4 0.311719 0.439815 0.060937 0.107407
2 0.277604 0.443056 0.032292 0.049074
1 0.205990 0.629167 0.018229 0.028704
1 0.426042 0.313426 0.015625 0.026852
0 0.312500 0.368519 0.015625 0.025926
1 0.563021 0.622222 0.016667 0.027778
0 0.675260 0.856944 0.016146 0.030556
0 0.757552 0.663889 0.017188 0.027778
0 0.753906 0.792593 0.016146 0.027778
1 0.629427 0.901389 0.017188 0.032407
6 0.479948 0.800000 0.014063 0.025926
1 0.730729 0.189352 0.014583 0.026852
0 0.316927 0.528704 0.016146 0.025926
7 0.459635 0.888426 0.010937 0.025000
9 0.173177 0.137500 0.025521 0.043519
9 0.765365 0.155093 0.025521 0.043519
9 0.782552 0.954167 0.025521 0.043519
9 0.132552 0.947685 0.025521 0.043519
5 0.528385 0.833796 0.010937 0.021296
