3 0.456771 0.558333 0.671875 0.842593
4 0.421875 0.522222 0.073958 0.131481
0 0.605208 0.244444 0.014583 0.027778
0 0.269271 0.265741 0.015625 0.025926
8 0.241667 0.820370 0.014583 0.025926
1 0.634375 0.204630 0.014583 0.027778
0 0.426823 0.368056 0.014063 0.026852
0 0.362500 0.751389 0.015625 0.030556
1 0.701562 0.650000 0.016667 0.029630
2 0.436198 0.562500 0.024479 0.058333
6 0.262500 0.692130 0.014583 0.026852
5 0.286198 0.768519 0.015104 0.027778
1 0.249479 0.686574 0.015625 0.023148
9 0.173177 0.137500 0.025521 0.043519
9 0.765365 0.155093 0.025521 0.043519
9 0.782552 0.954167 0.025521 0.043519
9 0.132552 0.947685 0.025521 0.043519
