3 0.456250 0.558796 0.672917 0.849074
4 0.418229 0.526389 0.060417 0.117593
7 0.544010 0.635185 0.016146 0.027778
1 0.377865 0.558796 0.015104 0.026852
8 0.578646 0.571759 0.013542 0.026852
0 0.579948 0.781481 0.016146 0.027778
6 0.509115 0.572222 0.014063 0.025926
1 0.513281 0.527315 0.015104 0.028704
0 0.671094 0.781019 0.016146 0.028704
0 0.273177 0.386574 0.016146 0.026852
1 0.667708 0.673148 0.016667 0.027778
1 0.760156 0.868519 0.017188 0.031481
1 0.519271 0.792593 0.015625 0.029630
0 0.374479 0.621296 0.016667 0.027778
5 0.543229 0.509722 0.015625 0.026852
2 0.416406 0.563889 0.025521 0.044444
9 0.173177 0.137500 0.025521 0.043519
9 0.765365 0.155093 0.025521 0.043519
9 0.782552 0.954167 0.025521 0.043519
9 0.132552 0.947685 0.025521 0.043519
