3 0.453125 0.555093 0.675000 0.843519
4 0.548958 0.573611 0.059375 0.110185
1 0.201302 0.294907 0.017188 0.026852
0 0.163281 0.696296 0.017188 0.027778
0 0.635156 0.181019 0.015104 0.026852
0 0.373177 0.177315 0.015104 0.026852
6 0.406250 0.612037 0.014583 0.025926
7 0.444531 0.667593 0.015104 0.027778
1 0.365104 0.640278 0.015625 0.026852
0 0.612500 0.563426 0.015625 0.025000
8 0.475260 0.599074 0.015104 0.025926
2 0.574479 0.575463 0.023958 0.041667
1 0.419010 0.716204 0.014063 0.026852
9 0.173177 0.137500 0.025521 0.043519
9 0.765365 0.155093 0.025521 0.043519
9 0.782552 0.954167 0.025521 0.043519
9 0.132552 0.947685 0.025521 0.043519
