3 0.456771 0.552778 0.671875 0.838889
4 0.466927 0.555093 0.072396 0.132407
1 0.468229 0.478704 0.014583 0.025926
6 0.366406 0.683796 0.015104 0.025000
2 0.452865 0.598611 0.026562 0.056481
1 0.228125 0.905093 0.018750 0.030556
1 0.690365 0.360648 0.016146 0.026852
0 0.424740 0.918056 0.015104 0.030556
1 0.673177 0.190278 0.014063 0.026852
0 0.721354 0.791667 0.016667 0.029630
8 0.366667 0.813889 0.014583 0.027778
9 0.173177 0.137500 0.025521 0.043519
9 0.765365 0.155093 0.025521 0.043519
9 0.782552 0.954167 0.025521 0.043519
9 0.132552 0.947685 0.025521 0.043519
5 0.402865 0.740278 0.009896 0.019444
