3 0.456250 0.563889 0.670833 0.840741
4 0.311458 0.440278 0.060417 0.108333
2 0.277083 0.443056 0.033333 0.049074
1 0.426042 0.313426 0.015625 0.026852
0 0.312500 0.368519 0.015625 0.025926
6 0.423698 0.538426 0.014063 0.025000
1 0.205729 0.629167 0.017708 0.028704
1 0.551042 0.627315 0.015625 0.028704
1 0.629687 0.901389 0.016667 0.032407
0 0.757812 0.663889 0.016667 0.027778
0 0.678385 0.856019 0.016146 0.030556
0 0.752083 0.763889 0.016667 0.027778
1 0.730990 0.188889 0.015104 0.027778
0 0.316667 0.528704 0.015625 0.025926
8 0.357552 0.585648 0.014063 0.026852
5 0.403906 0.616667 0.013021 0.022222
9 0.173177 0.137500 0.025521 0.043519
9 0.765365 0.155093 0.025521 0.043519
9 0.782552 0.954167 0.025521 0.043519
9 0.132552 0.947685 0.025521 0.043519
