3 0.454688 0.558333 0.675000 0.848148
4 0.420312 0.511111 0.060417 0.109259
6 0.341406 0.345370 0.014063 0.024074
0 0.687500 0.195370 0.014583 0.025926
1 0.552865 0.387037 0.015104 0.027778
0 0.195573 0.437963 0.018229 0.027778
1 0.332813 0.212963 0.015625 0.027778
0 0.566406 0.776852 0.015104 0.029630
1 0.377865 0.559259 0.015104 0.025926
8 0.272396 0.377315 0.012500 0.025000
1 0.761719 0.840741 0.017188 0.031481
0 0.201302 0.753704 0.017188 0.027778
1 0.664583 0.520833 0.015625 0.026852
0 0.723958 0.749537 0.016667 0.028704
0 0.394010 0.508333 0.024479 0.042593
9 0.173177 0.137500 0.025521 0.043519
9 0.765365 0.155093 0.025521 0.043519
9 0.782552 0.954167 0.025521 0.043519
9 0.132552 0.947685 0.025521 0.043519
5 0.315625 0.416204 0.011458 0.023148
