3 0.453906 0.558796 0.670312 0.843519
4 0.548698 0.573611 0.058854 0.110185
7 0.292969 0.258796 0.014063 0.023148
0 0.165104 0.652315 0.016667 0.026852
0 0.588802 0.343981 0.015104 0.026852
1 0.193490 0.519907 0.018229 0.028704
0 0.744271 0.195370 0.015625 0.025926
0 0.555469 0.446759 0.015104 0.026852
6 0.308594 0.335648 0.014063 0.023148
1 0.701302 0.650000 0.017188 0.031481
2 0.574479 0.575926 0.023958 0.042593
0 0.748437 0.228704 0.014583 0.025926
9 0.173177 0.137500 0.025521 0.043519
9 0.765365 0.155093 0.025521 0.043519
9 0.782552 0.954167 0.025521 0.043519
9 0.132552 0.947685 0.025521 0.043519
5 0.261979 0.365278 0.010417 0.017593
