3 0.454948 0.562500 0.671354 0.837963
4 0.321615 0.384259 0.074479 0.125926
0 0.280729 0.326389 0.015625 0.026852
1 0.195052 0.187037 0.016146 0.027778
1 0.593490 0.398148 0.019271 0.029630
0 0.762240 0.844444 0.017188 0.029630
0 0.430469 0.662037 0.014063 0.025926
1 0.554688 0.917130 0.015625 0.030556
1 0.261198 0.748148 0.018229 0.031481
2 0.302604 0.425463 0.034375 0.050926
8 0.455208 0.806481 0.012500 0.024074
7 0.411458 0.762963 0.013542 0.027778
6 0.436198 0.682870 0.014063 0.023148
1 0.419792 0.694444 0.012500 0.022222
9 0.173177 0.137500 0.025521 0.043519
9 0.765365 0.155093 0.025521 0.043519
9 0.782552 0.954167 0.025521 0.043519
9 0.132552 0.947685 0.025521 0.043519
5 0.480990 0.723611 0.010937 0.026852
