3 0.453125 0.557407 0.671875 0.844444
4 0.467708 0.553241 0.072917 0.134259
1 0.266667 0.290741 0.016667 0.027778
0 0.511719 0.618981 0.015104 0.026852
7 0.555990 0.708796 0.015104 0.025000
1 0.705469 0.505093 0.017188 0.028704
0 0.620833 0.730556 0.015625 0.029630
0 0.662500 0.637963 0.015625 0.025926
6 0.512760 0.663426 0.014063 0.026852
2 0.452604 0.599074 0.027083 0.057407
0 0.420312 0.187963 0.014583 0.025926
1 0.327865 0.170370 0.016146 0.027778
1 0.746094 0.248611 0.016146 0.026852
8 0.580469 0.629630 0.011979 0.024074
9 0.173177 0.137500 0.025521 0.043519
9 0.765365 0.155093 0.025521 0.043519
9 0.782552 0.954167 0.025521 0.043519
9 0.132552 0.947685 0.025521 0.043519
5 0.537500 0.585648 0.010417 0.021296
