3 0.455208 0.559259 0.673958 0.846296
4 0.418490 0.521296 0.058854 0.105556
1 0.600521 0.651852 0.016667 0.029630
1 0.744010 0.185185 0.016146 0.025926
1 0.442708 0.535648 0.014583 0.025000
1 0.454427 0.692130 0.016146 0.028704
6 0.342448 0.395833 0.011979 0.021296
8 0.283073 0.461574 0.013021 0.023148
1 0.585677 0.200926 0.014063 0.027778
5 0.331771 0.476389 0.012500 0.021296
9 0.173177 0.137500 0.025521 0.043519
9 0.765365 0.155093 0.025521 0.043519
9 0.782552 0.954167 0.025521 0.043519
9 0.132552 0.947685 0.025521 0.043519
2 0.394010 0.520370 0.024479 0.042593
0 0.416927 0.555556 0.011979 0.020370
0 0.586719 0.748611 0.014063 0.034259
0 0.579688 0.178704 0.014583 0.025926
