3 0.455208 0.563889 0.672917 0.842593
4 0.279427 0.445833 0.075521 0.123148
0 0.602083 0.241667 0.015625 0.025926
6 0.464844 0.712037 0.015104 0.025926
1 0.187240 0.605093 0.018229 0.028704
0 0.695052 0.562500 0.016146 0.026852
1 0.747135 0.454630 0.016146 0.025926
1 0.672396 0.381944 0.015625 0.026852
0 0.748177 0.361574 0.016146 0.026852
1 0.314323 0.458796 0.016146 0.026852
0 0.702604 0.756019 0.016667 0.028704
2 0.292708 0.401389 0.033333 0.047222
7 0.427865 0.777778 0.013021 0.027778
9 0.173177 0.137500 0.025521 0.043519
9 0.765365 0.155093 0.025521 0.043519
9 0.782552 0.954167 0.025521 0.043519
9 0.132552 0.947685 0.025521 0.043519
5 0.500521 0.775000 0.013542 0.024074
