3 0.452604 0.554630 0.671875 0.844444
4 0.548958 0.574074 0.059375 0.111111
0 0.369792 0.177315 0.014583 0.025000
1 0.201823 0.299537 0.017188 0.026852
0 0.066667 0.624074 0.017708 0.027778
0 0.635156 0.180093 0.015104 0.026852
7 0.437760 0.305556 0.015104 0.025926
6 0.406250 0.368519 0.014583 0.025926
0 0.661979 0.368981 0.015625 0.026852
1 0.536198 0.766204 0.016146 0.030556
1 0.701302 0.650463 0.017188 0.030556
2 0.574740 0.575463 0.024479 0.043519
8 0.401562 0.249537 0.012500 0.021296
0 0.415625 0.744444 0.014583 0.027778
5 0.369531 0.314815 0.015104 0.025926
9 0.173177 0.137500 0.025521 0.043519
9 0.765365 0.155093 0.025521 0.043519
9 0.782552 0.954167 0.025521 0.043519
9 0.132552 0.947685 0.025521 0.043519
