3 0.456510 0.559259 0.670312 0.840741
4 0.444010 0.543519 0.072396 0.129630
1 0.729688 0.472222 0.015625 0.025926
0 0.431510 0.311574 0.015104 0.026852
1 0.116667 0.523611 0.018750 0.028704
1 0.705208 0.228241 0.014583 0.026852
1 0.490625 0.327315 0.015625 0.026852
1 0.552344 0.822222 0.016146 0.029630
0 0.544531 0.420833 0.015104 0.026852
8 0.509896 0.698148 0.012500 0.024074
6 0.461458 0.610648 0.011458 0.021296
0 0.449479 0.668981 0.011458 0.019444
2 0.452344 0.584722 0.027604 0.056481
7 0.460677 0.699074 0.011979 0.022222
9 0.173177 0.137500 0.025521 0.043519
9 0.765365 0.155093 0.025521 0.043519
9 0.782552 0.954167 0.025521 0.043519
9 0.132552 0.947685 0.025521 0.043519
