3 0.455208 0.560185 0.672917 0.846296
4 0.418229 0.521296 0.060417 0.109259
0 0.201563 0.753241 0.017708 0.028704
0 0.743229 0.207870 0.015625 0.026852
0 0.676302 0.218056 0.015104 0.026852
1 0.333073 0.212500 0.015104 0.026852
1 0.377604 0.559259 0.015625 0.027778
0 0.607552 0.723611 0.015104 0.028704
1 0.653125 0.806019 0.016667 0.030556
1 0.756771 0.837500 0.016667 0.030556
7 0.477865 0.193981 0.014063 0.023148
0 0.252083 0.463426 0.016667 0.026852
1 0.752344 0.579167 0.016146 0.028704
6 0.466406 0.272222 0.011979 0.022222
0 0.419531 0.477778 0.023438 0.044444
9 0.173177 0.137500 0.025521 0.043519
9 0.765365 0.155093 0.025521 0.043519
9 0.782552 0.954167 0.025521 0.043519
9 0.132552 0.947685 0.025521 0.043519
5 0.422917 0.252315 0.010417 0.023148
