3 0.454167 0.564815 0.671875 0.846296
4 0.316927 0.425463 0.066146 0.115741
2 0.310937 0.376389 0.033333 0.045370
0 0.350781 0.427315 0.015104 0.025000
0 0.421094 0.179167 0.015104 0.026852
1 0.569531 0.504167 0.016146 0.026852
0 0.296354 0.325463 0.016667 0.026852
1 0.933594 0.760648 0.018229 0.030556
1 0.304948 0.580556 0.017188 0.027778
1 0.672656 0.408796 0.016146 0.026852
0 0.284896 0.483796 0.016667 0.026852
6 0.528646 0.444907 0.012500 0.025000
8 0.497656 0.337500 0.010937 0.021296
7 0.547656 0.368519 0.008854 0.022222
9 0.173177 0.137500 0.025521 0.043519
9 0.765365 0.155093 0.025521 0.043519
9 0.782552 0.954167 0.025521 0.043519
9 0.132552 0.947685 0.025521 0.043519
5 0.484375 0.416667 0.012500 0.020370
