3 0.452865 0.556481 0.673438 0.846296
0 0.747396 0.568056 0.015625 0.026852
0 0.748698 0.188889 0.014063 0.025926
1 0.352083 0.468981 0.015625 0.026852
0 0.923698 0.844444 0.017188 0.027778
0 0.390365 0.503704 0.015104 0.025926
0 0.705729 0.669444 0.015625 0.027778
0 0.255208 0.680556 0.016667 0.027778
1 0.517708 0.317593 0.018750 0.029630
8 0.574740 0.528241 0.014063 0.023148
6 0.508594 0.560648 0.014063 0.025000
1 0.159115 0.893981 0.018229 0.030556
1 0.751563 0.516667 0.015625 0.027778
1 0.378125 0.559259 0.015625 0.025926
4 0.411719 0.500926 0.065104 0.111111
7 0.551302 0.602778 0.015104 0.025926
1 0.734375 0.193981 0.014583 0.026852
2 0.432812 0.496296 0.023958 0.042593
5 0.532292 0.481944 0.014583 0.028704
9 0.173177 0.137500 0.025521 0.043519
9 0.765365 0.155093 0.025521 0.043519
9 0.782552 0.954167 0.025521 0.043519
9 0.132552 0.947685 0.025521 0.043519
