3 0.455208 0.564352 0.673958 0.843519
4 0.317969 0.425926 0.066146 0.114815
2 0.311198 0.376389 0.032813 0.045370
0 0.363542 0.412963 0.015625 0.025926
0 0.420833 0.179167 0.015625 0.026852
1 0.556771 0.529630 0.015625 0.027778
1 0.672917 0.408796 0.015625 0.026852
1 0.201042 0.536111 0.018750 0.029630
1 0.877865 0.640278 0.018229 0.030556
6 0.383854 0.579167 0.012500 0.023148
0 0.284896 0.483333 0.016667 0.025926
8 0.324219 0.654167 0.014063 0.023148
0 0.296615 0.325463 0.016146 0.026852
7 0.336198 0.559722 0.010937 0.012037
9 0.173177 0.137500 0.025521 0.043519
9 0.765365 0.155093 0.025521 0.043519
9 0.782552 0.954167 0.025521 0.043519
9 0.132552 0.947685 0.025521 0.043519
5 0.374219 0.662500 0.009896 0.019444
