3 0.454167 0.555556 0.672917 0.848148
4 0.573698 0.572222 0.065104 0.122222
2 0.609115 0.617130 0.025521 0.043519
0 0.606771 0.524537 0.013542 0.025000
8 0.524740 0.663889 0.015104 0.025926
0 0.492448 0.202315 0.014063 0.026852
1 0.531250 0.476389 0.015625 0.026852
7 0.495052 0.735648 0.015104 0.026852
1 0.737240 0.187037 0.015104 0.025926
0 0.594792 0.507870 0.015625 0.025000
1 0.177604 0.748148 0.018750 0.031481
1 0.298177 0.580556 0.017188 0.027778
1 0.752604 0.456944 0.016667 0.028704
6 0.455729 0.681019 0.014583 0.026852
0 0.635417 0.468981 0.015625 0.026852
0 0.649479 0.764352 0.016667 0.028704
0 0.510417 0.762037 0.016667 0.027778
7 0.485938 0.610185 0.015625 0.027778
5 0.485677 0.610185 0.015104 0.027778
9 0.173177 0.137500 0.025521 0.043519
9 0.765365 0.155093 0.025521 0.043519
9 0.782552 0.954167 0.025521 0.043519
9 0.132552 0.947685 0.025521 0.043519
