3 0.455990 0.564815 0.674479 0.844444
4 0.322656 0.383796 0.076563 0.126852
6 0.432552 0.364815 0.014063 0.024074
0 0.280208 0.325926 0.015625 0.025926
8 0.363802 0.356481 0.015104 0.024074
0 0.204948 0.191667 0.016146 0.025926
1 0.578646 0.634722 0.015625 0.028704
0 0.301563 0.662963 0.016667 0.029630
1 0.503125 0.633796 0.015625 0.028704
1 0.307552 0.717593 0.017188 0.031481
1 0.496354 0.788426 0.015625 0.028704
2 0.302865 0.426852 0.033854 0.050000
5 0.395573 0.424074 0.016146 0.035185
9 0.173177 0.137500 0.025521 0.043519
9 0.765365 0.155093 0.025521 0.043519
9 0.782552 0.954167 0.025521 0.043519
9 0.132552 0.947685 0.025521 0.043519
1 0.717708 0.204167 0.015625 0.030556
