3 0.455729 0.566204 0.672917 0.841667
4 0.273438 0.423611 0.073958 0.123148
0 0.462500 0.385648 0.015625 0.026852
6 0.604427 0.448148 0.011979 0.022222
0 0.437500 0.278241 0.015625 0.026852
0 0.667708 0.415741 0.015625 0.025926
0 0.205729 0.767130 0.017708 0.028704
1 0.651302 0.220833 0.015104 0.028704
1 0.742188 0.831944 0.016667 0.032407
1 0.587500 0.591204 0.016667 0.028704
1 0.621875 0.759259 0.016667 0.031481
0 0.559375 0.314352 0.015625 0.026852
1 0.290625 0.177778 0.015625 0.027778
0 0.527083 0.630093 0.015625 0.026852
8 0.563281 0.353704 0.013021 0.022222
9 0.173177 0.137500 0.025521 0.043519
9 0.765365 0.155093 0.025521 0.043519
9 0.782552 0.954167 0.025521 0.043519
9 0.132552 0.947685 0.025521 0.043519
5 0.558333 0.434722 0.012500 0.019444
2 0.262240 0.461111 0.027604 0.042593
