3 0.454167 0.556944 0.673958 0.845370
4 0.467187 0.551389 0.072917 0.128704
8 0.359375 0.332870 0.012500 0.025000
2 0.438021 0.493981 0.032292 0.043519
1 0.369010 0.605556 0.016146 0.027778
1 0.735938 0.812963 0.017708 0.031481
1 0.728646 0.413426 0.016667 0.026852
1 0.744271 0.672222 0.017708 0.029630
0 0.660937 0.783796 0.016667 0.030556
0 0.252865 0.734722 0.017188 0.028704
7 0.407031 0.296759 0.008854 0.019444
6 0.425260 0.372685 0.014063 0.023148
0 0.424740 0.918056 0.016146 0.032407
9 0.173177 0.137500 0.025521 0.043519
9 0.765365 0.155093 0.025521 0.043519
9 0.782552 0.954167 0.025521 0.043519
9 0.132552 0.947685 0.025521 0.043519
5 0.380469 0.407407 0.013021 0.018519
