3 0.457813 0.565741 0.676042 0.842593
4 0.273438 0.423148 0.073958 0.124074
0 0.462760 0.385648 0.015104 0.026852
0 0.437500 0.278241 0.015625 0.026852
0 0.559115 0.314352 0.015104 0.026852
1 0.623437 0.754630 0.016667 0.029630
0 0.205729 0.767130 0.017708 0.028704
0 0.752344 0.457870 0.016146 0.026852
1 0.290365 0.177778 0.016146 0.027778
1 0.741927 0.831481 0.017188 0.031481
1 0.651042 0.220370 0.015625 0.027778
0 0.527083 0.629630 0.015625 0.027778
1 0.588021 0.591667 0.016667 0.029630
7 0.734115 0.709259 0.013021 0.018519
6 0.686458 0.681944 0.012500 0.025000
8 0.746094 0.613426 0.010937 0.021296
9 0.173177 0.137500 0.025521 0.043519
9 0.765365 0.155093 0.025521 0.043519
9 0.782552 0.954167 0.025521 0.043519
9 0.132552 0.947685 0.025521 0.043519
2 0.259896 0.461111 0.027083 0.038889
5 0.697656 0.595370 0.009896 0.022222
