3 0.455208 0.558333 0.668750 0.844444
4 0.417969 0.520833 0.060937 0.110185
0 0.687760 0.195833 0.015104 0.026852
1 0.378125 0.558796 0.015625 0.026852
1 0.711719 0.384259 0.017188 0.027778
0 0.201302 0.753704 0.017188 0.027778
0 0.756510 0.712037 0.016146 0.025926
1 0.757031 0.837963 0.017188 0.029630
1 0.332813 0.212963 0.015625 0.027778
6 0.466927 0.618056 0.014063 0.025000
0 0.248177 0.492593 0.016146 0.025926
1 0.626042 0.725926 0.016667 0.031481
8 0.529948 0.668519 0.015104 0.025926
0 0.602865 0.728704 0.015104 0.029630
7 0.484375 0.700000 0.013542 0.024074
2 0.419271 0.477315 0.023958 0.045370
0 0.419271 0.477778 0.023958 0.046296
9 0.173177 0.137500 0.025521 0.043519
9 0.765365 0.155093 0.025521 0.043519
9 0.782552 0.954167 0.025521 0.043519
9 0.132552 0.947685 0.025521 0.043519
5 0.511979 0.587500 0.014583 0.019444
