3 0.456510 0.557407 0.666146 0.846296
4 0.563281 0.554630 0.066146 0.120370
1 0.328125 0.660185 0.016667 0.029630
0 0.608333 0.512037 0.014583 0.025926
1 0.299740 0.600000 0.017188 0.027778
0 0.608073 0.563889 0.015104 0.025926
1 0.181510 0.804167 0.018229 0.030556
0 0.634896 0.468981 0.015625 0.026852
6 0.233594 0.395833 0.014063 0.023148
0 0.663021 0.727315 0.016667 0.030556
8 0.170833 0.456019 0.013542 0.023148
5 0.217708 0.475926 0.012500 0.022222
2 0.557292 0.594907 0.029167 0.043519
9 0.173177 0.137500 0.025521 0.043519
9 0.765365 0.155093 0.025521 0.043519
9 0.782552 0.954167 0.025521 0.043519
9 0.132552 0.947685 0.025521 0.043519
