3 0.455990 0.562037 0.670312 0.840741
4 0.321615 0.384259 0.074479 0.125926
0 0.280729 0.326389 0.015625 0.026852
0 0.453125 0.235648 0.014583 0.026852
0 0.426042 0.227778 0.014583 0.025926
0 0.762240 0.844444 0.017188 0.029630
1 0.561979 0.890741 0.016667 0.033333
1 0.284375 0.181481 0.015625 0.027778
8 0.471875 0.804630 0.013542 0.024074
6 0.447396 0.682870 0.014583 0.025000
2 0.302604 0.425463 0.034375 0.050926
1 0.414583 0.786111 0.014583 0.029630
7 0.425781 0.764815 0.013021 0.024074
1 0.725521 0.225463 0.011458 0.019444
9 0.173177 0.137500 0.025521 0.043519
9 0.765365 0.155093 0.025521 0.043519
9 0.782552 0.954167 0.025521 0.043519
9 0.132552 0.947685 0.025521 0.043519
5 0.492708 0.718056 0.011458 0.025000
