3 0.458333 0.557407 0.670833 0.840741
4 0.419792 0.521296 0.063542 0.111111
6 0.351562 0.536574 0.013542 0.023148
1 0.744010 0.185185 0.016146 0.025926
0 0.413802 0.478704 0.015104 0.025926
1 0.379948 0.557407 0.015104 0.027778
1 0.598698 0.655556 0.016146 0.029630
0 0.585938 0.749074 0.015625 0.029630
0 0.728906 0.662963 0.016146 0.027778
1 0.739062 0.697222 0.016667 0.029630
1 0.541146 0.806019 0.015625 0.030556
0 0.239583 0.343519 0.015625 0.025926
2 0.442188 0.521296 0.025000 0.042593
8 0.337760 0.659722 0.015104 0.026852
5 0.379167 0.604630 0.014583 0.025926
9 0.173177 0.137500 0.025521 0.043519
9 0.765365 0.155093 0.025521 0.043519
9 0.782552 0.954167 0.025521 0.043519
9 0.132552 0.947685 0.025521 0.043519
