3 0.457552 0.565278 0.671354 0.839815
4 0.324219 0.524537 0.063021 0.110185
1 0.418490 0.349537 0.015104 0.026852
6 0.595833 0.676389 0.013542 0.025000
1 0.741927 0.831019 0.017188 0.032407
1 0.432292 0.757870 0.016667 0.028704
7 0.640885 0.715278 0.013021 0.019444
2 0.321354 0.480556 0.025000 0.046296
8 0.659375 0.620370 0.010417 0.014815
9 0.173177 0.137500 0.025521 0.043519
9 0.765365 0.155093 0.025521 0.043519
9 0.782552 0.954167 0.025521 0.043519
9 0.132552 0.947685 0.025521 0.043519
5 0.613542 0.594907 0.009375 0.023148
0 0.326562 0.284259 0.015625 0.027778
0 0.391927 0.336111 0.015104 0.025926
0 0.477083 0.692130 0.016667 0.025000
0 0.339844 0.628241 0.015104 0.025000
0 0.207031 0.767593 0.018229 0.027778
