3 0.454688 0.558796 0.671875 0.841667
4 0.316667 0.495833 0.073958 0.125000
1 0.473177 0.282407 0.015104 0.025926
0 0.392188 0.318981 0.015625 0.026852
1 0.760677 0.837963 0.017188 0.031481
7 0.571875 0.875463 0.012500 0.025000
0 0.692448 0.724537 0.016146 0.028704
0 0.681771 0.406481 0.015625 0.027778
6 0.555729 0.787037 0.014583 0.025926
1 0.703125 0.688889 0.016667 0.031481
0 0.552344 0.373148 0.015104 0.027778
0 0.573177 0.925926 0.017188 0.033333
5 0.602083 0.752315 0.015625 0.030556
2 0.299479 0.534259 0.038542 0.046296
9 0.173177 0.137500 0.025521 0.043519
9 0.765365 0.155093 0.025521 0.043519
9 0.782552 0.954167 0.025521 0.043519
9 0.132552 0.947685 0.025521 0.043519
