3 0.456510 0.563889 0.672396 0.842593
4 0.321615 0.384259 0.074479 0.125926
1 0.194792 0.208796 0.017708 0.028704
0 0.280729 0.326389 0.016667 0.026852
1 0.581771 0.387037 0.017708 0.033333
0 0.762240 0.844907 0.017188 0.028704
1 0.582552 0.784259 0.016146 0.029630
0 0.455469 0.393519 0.015104 0.025926
1 0.295312 0.760648 0.016667 0.030556
0 0.485417 0.470833 0.014583 0.026852
8 0.337240 0.574074 0.013021 0.022222
6 0.391927 0.494444 0.011979 0.022222
2 0.302083 0.425463 0.034375 0.050926
5 0.386458 0.578241 0.011458 0.021296
1 0.719010 0.203241 0.015104 0.032407
9 0.173177 0.137500 0.025521 0.043519
9 0.765365 0.155093 0.025521 0.043519
9 0.782552 0.954167 0.025521 0.043519
9 0.132552 0.947685 0.025521 0.043519
