3 0.454167 0.559722 0.671875 0.843519
4 0.316927 0.495833 0.073438 0.125000
0 0.704688 0.262963 0.015625 0.025926
0 0.392188 0.318981 0.015625 0.026852
1 0.509115 0.200463 0.014063 0.026852
0 0.692448 0.724537 0.017188 0.028704
1 0.686979 0.663426 0.016667 0.028704
1 0.760417 0.838426 0.017708 0.032407
0 0.682292 0.406481 0.015625 0.027778
0 0.573438 0.926389 0.016667 0.032407
6 0.522656 0.415278 0.010937 0.021296
8 0.474479 0.331944 0.011458 0.021296
9 0.173177 0.137500 0.025521 0.043519
9 0.765365 0.155093 0.025521 0.043519
9 0.782552 0.954167 0.025521 0.043519
9 0.132552 0.947685 0.025521 0.043519
5 0.475260 0.413889 0.007812 0.018519
2 0.304167 0.535185 0.027083 0.040741
