3 0.457031 0.557870 0.672396 0.843519
4 0.422656 0.519907 0.073438 0.128704
0 0.372656 0.231019 0.015104 0.026852
0 0.285156 0.185648 0.015104 0.026852
1 0.655469 0.328241 0.016146 0.028704
1 0.663281 0.441204 0.018229 0.026852
6 0.330469 0.718056 0.015104 0.025000
8 0.345573 0.844444 0.015104 0.027778
1 0.247917 0.612037 0.017708 0.029630
0 0.577865 0.524537 0.015104 0.026852
1 0.420312 0.615741 0.015625 0.027778
2 0.442708 0.491204 0.025000 0.043519
5 0.372656 0.760185 0.015104 0.025926
9 0.173177 0.137500 0.025521 0.043519
9 0.765365 0.155093 0.025521 0.043519
9 0.782552 0.954167 0.025521 0.043519
9 0.132552 0.947685 0.025521 0.043519
