3 0.454427 0.554630 0.669271 0.838889
4 0.467708 0.551852 0.072917 0.129630
6 0.385156 0.657407 0.015104 0.025926
1 0.735417 0.369907 0.016667 0.026852
1 0.278906 0.430093 0.017188 0.028704
0 0.262240 0.768981 0.017188 0.028704
0 0.657552 0.704167 0.016146 0.028704
1 0.728646 0.797685 0.017708 0.032407
1 0.744271 0.672222 0.017708 0.031481
0 0.537500 0.800463 0.016667 0.028704
8 0.379167 0.784722 0.014583 0.026852
5 0.417448 0.719907 0.014063 0.026852
9 0.173177 0.137500 0.025521 0.043519
9 0.765365 0.155093 0.025521 0.043519
9 0.782552 0.954167 0.025521 0.043519
9 0.132552 0.947685 0.025521 0.043519
2 0.482292 0.506481 0.025000 0.051852
