3 0.454688 0.558333 0.673958 0.848148
4 0.562760 0.554630 0.067187 0.122222
1 0.579167 0.505093 0.015625 0.026852
6 0.453906 0.398611 0.015104 0.025000
0 0.486198 0.175463 0.015104 0.026852
1 0.601562 0.178704 0.015625 0.027778
7 0.487240 0.337963 0.015104 0.025926
0 0.649479 0.763889 0.016667 0.029630
0 0.607812 0.564352 0.015625 0.026852
1 0.589323 0.343981 0.015104 0.026852
1 0.177604 0.747685 0.017708 0.030556
1 0.298177 0.580556 0.017188 0.027778
5 0.419010 0.339815 0.016146 0.025926
0 0.510417 0.550926 0.015625 0.027778
0 0.635417 0.468981 0.015625 0.026852
8 0.456250 0.278704 0.008333 0.016667
0 0.602865 0.533333 0.014063 0.025926
5 0.475260 0.394907 0.009896 0.013889
2 0.559115 0.594907 0.025521 0.043519
9 0.173177 0.137500 0.025521 0.043519
9 0.765365 0.155093 0.025521 0.043519
9 0.782552 0.954167 0.025521 0.043519
9 0.132552 0.947685 0.025521 0.043519
