3 0.455990 0.557870 0.667188 0.843519
4 0.548438 0.574074 0.059375 0.111111
1 0.192969 0.292130 0.017188 0.028704
0 0.635156 0.180093 0.015104 0.026852
1 0.619271 0.852315 0.016667 0.030556
0 0.166406 0.655093 0.017188 0.026852
0 0.270052 0.262037 0.016146 0.025926
6 0.234115 0.425926 0.014063 0.024074
1 0.701562 0.650000 0.016667 0.031481
8 0.169271 0.473148 0.013542 0.024074
2 0.574479 0.575463 0.023958 0.041667
0 0.425521 0.776389 0.015625 0.030556
0 0.079948 0.620370 0.018229 0.029630
7 0.191406 0.388889 0.011979 0.014815
5 0.212240 0.502778 0.014063 0.022222
9 0.173177 0.137500 0.025521 0.043519
9 0.765365 0.155093 0.025521 0.043519
9 0.782552 0.954167 0.025521 0.043519
9 0.132552 0.947685 0.025521 0.043519
