3 0.455990 0.559259 0.674479 0.842593
4 0.422135 0.520370 0.073438 0.129630
6 0.315365 0.419907 0.014063 0.025000
1 0.566146 0.462963 0.015625 0.027778
0 0.423698 0.295833 0.015104 0.026852
1 0.611979 0.469907 0.015625 0.026852
0 0.350260 0.312500 0.016146 0.026852
7 0.282292 0.360648 0.012500 0.021296
0 0.577604 0.524074 0.014583 0.027778
1 0.411979 0.615741 0.015625 0.027778
8 0.241667 0.425463 0.009375 0.017593
1 0.257292 0.355093 0.012500 0.025000
2 0.442708 0.491204 0.025000 0.043519
5 0.279427 0.483796 0.015104 0.030556
9 0.173177 0.137500 0.025521 0.043519
9 0.765365 0.155093 0.025521 0.043519
9 0.782552 0.954167 0.025521 0.043519
9 0.132552 0.947685 0.025521 0.043519
