3 0.454167 0.559259 0.678125 0.842593
4 0.422396 0.519907 0.072917 0.130556
0 0.269271 0.265741 0.015625 0.025926
0 0.747656 0.215741 0.014063 0.025926
0 0.477604 0.192593 0.014583 0.025926
1 0.440885 0.217130 0.014063 0.026852
1 0.736719 0.187963 0.015104 0.025926
7 0.343229 0.335648 0.013542 0.021296
0 0.223438 0.384722 0.016667 0.026852
1 0.701562 0.650463 0.016667 0.030556
1 0.264844 0.752315 0.018229 0.030556
2 0.435937 0.561111 0.026042 0.057407
0 0.375521 0.774537 0.015625 0.030556
6 0.354427 0.414815 0.013021 0.022222
9 0.173177 0.137500 0.025521 0.043519
9 0.765365 0.155093 0.025521 0.043519
9 0.782552 0.954167 0.025521 0.043519
9 0.132552 0.947685 0.025521 0.043519
5 0.307031 0.437037 0.013021 0.022222
