3 0.454427 0.556944 0.672396 0.843519
4 0.548958 0.574537 0.059375 0.110185
0 0.634896 0.181019 0.014583 0.026852
6 0.277865 0.640741 0.014063 0.024074
0 0.373177 0.177315 0.015104 0.026852
0 0.608073 0.564352 0.016146 0.026852
0 0.521094 0.691667 0.015104 0.027778
8 0.299740 0.760648 0.015104 0.026852
2 0.574479 0.575463 0.023958 0.041667
1 0.277604 0.856944 0.016667 0.032407
1 0.396094 0.807407 0.016146 0.029630
1 0.332813 0.785185 0.015625 0.027778
5 0.321875 0.674074 0.014583 0.025926
9 0.173177 0.137500 0.025521 0.043519
9 0.765365 0.155093 0.025521 0.043519
9 0.782552 0.954167 0.025521 0.043519
9 0.132552 0.947685 0.025521 0.043519
