3 0.454688 0.559259 0.670833 0.842593
4 0.467187 0.550463 0.075000 0.128704
2 0.441146 0.521759 0.028125 0.054630
1 0.331771 0.178704 0.016667 0.027778
0 0.525781 0.900463 0.016146 0.030556
1 0.409115 0.546759 0.015104 0.026852
6 0.462240 0.713426 0.011979 0.021296
8 0.509115 0.809259 0.011979 0.024074
1 0.552083 0.821759 0.015625 0.030556
0 0.286719 0.752315 0.017188 0.030556
1 0.454688 0.665741 0.016667 0.027778
0 0.489583 0.629167 0.015625 0.026852
9 0.173177 0.137500 0.025521 0.043519
9 0.765365 0.155093 0.025521 0.043519
9 0.782552 0.954167 0.025521 0.043519
9 0.132552 0.947685 0.025521 0.043519
