3 0.455208 0.558796 0.676042 0.843519
4 0.422656 0.520833 0.073438 0.128704
2 0.500781 0.264352 0.030729 0.043519
7 0.448437 0.356481 0.014583 0.024074
0 0.268750 0.274074 0.016667 0.027778
1 0.730469 0.456944 0.016146 0.026852
0 0.478385 0.194444 0.014063 0.025926
0 0.707812 0.181481 0.015625 0.025926
1 0.607031 0.179630 0.016146 0.027778
1 0.203385 0.169444 0.016146 0.027778
1 0.704948 0.656944 0.016146 0.028704
0 0.491406 0.646296 0.015104 0.025926
1 0.411979 0.615278 0.015625 0.026852
0 0.734635 0.426389 0.016146 0.025000
6 0.428385 0.433333 0.014063 0.025926
8 0.409115 0.319444 0.005729 0.011111
9 0.173177 0.137500 0.025521 0.043519
9 0.765365 0.155093 0.025521 0.043519
9 0.782552 0.954167 0.025521 0.043519
9 0.132552 0.947685 0.025521 0.043519
5 0.385417 0.396759 0.012500 0.021296
