3 0.454688 0.564815 0.672917 0.840741
4 0.273438 0.423148 0.075000 0.124074
6 0.483594 0.518056 0.014063 0.025000
2 0.173698 0.592593 0.028646 0.059259
1 0.232292 0.524537 0.016667 0.026852
0 0.471615 0.382870 0.015104 0.026852
1 0.205469 0.548148 0.017188 0.027778
1 0.741927 0.831944 0.017188 0.032407
1 0.624219 0.753241 0.016146 0.028704
8 0.416667 0.552778 0.014583 0.025926
1 0.290625 0.177778 0.015625 0.027778
0 0.296094 0.564352 0.016146 0.026852
0 0.752604 0.453704 0.016667 0.025926
0 0.257812 0.402778 0.015625 0.025926
0 0.248438 0.499537 0.016667 0.026852
7 0.439323 0.476389 0.010937 0.021296
5 0.460417 0.592593 0.014583 0.022222
9 0.173177 0.137500 0.025521 0.043519
9 0.765365 0.155093 0.025521 0.043519
9 0.782552 0.954167 0.025521 0.043519
9 0.132552 0.947685 0.025521 0.043519
