3 0.454688 0.560185 0.670833 0.844444
6 0.503646 0.331019 0.014583 0.025000
7 0.535156 0.270833 0.016146 0.026852
0 0.687760 0.195833 0.015104 0.026852
4 0.408854 0.504630 0.059375 0.118519
1 0.603385 0.347685 0.015104 0.026852
0 0.296615 0.823148 0.017188 0.031481
0 0.169792 0.759259 0.016667 0.027778
0 0.629167 0.701852 0.017708 0.031481
1 0.363542 0.466204 0.015625 0.026852
1 0.522917 0.738426 0.015625 0.028704
1 0.332552 0.212500 0.015104 0.026852
0 0.346875 0.441667 0.014583 0.025926
1 0.377604 0.559259 0.014583 0.025926
0 0.390104 0.498611 0.015625 0.025000
5 0.468229 0.275000 0.016667 0.025926
7 0.467969 0.275000 0.016146 0.025926
0 0.406250 0.542130 0.022917 0.045370
9 0.173177 0.137500 0.025521 0.043519
9 0.765365 0.155093 0.025521 0.043519
9 0.782552 0.954167 0.025521 0.043519
9 0.132552 0.947685 0.025521 0.043519
