3 0.453125 0.551389 0.672917 0.834259
4 0.335938 0.529630 0.070833 0.125926
6 0.478125 0.726389 0.014583 0.026852
1 0.557031 0.206019 0.015104 0.028704
1 0.302865 0.475926 0.015104 0.025926
1 0.693229 0.645370 0.017708 0.029630
1 0.490625 0.619444 0.015625 0.027778
1 0.760156 0.836111 0.017188 0.031481
7 0.442448 0.793056 0.013021 0.026852
9 0.173177 0.137500 0.025521 0.043519
9 0.765365 0.155093 0.025521 0.043519
9 0.782552 0.954167 0.025521 0.043519
9 0.132552 0.947685 0.025521 0.043519
0 0.231250 0.232870 0.014583 0.023148
0 0.268229 0.270370 0.017708 0.027778
0 0.401302 0.392130 0.014063 0.025000
0 0.633333 0.578704 0.016667 0.029630
5 0.514062 0.789815 0.013542 0.024074
