3 0.453906 0.563889 0.671354 0.838889
4 0.273438 0.423148 0.073958 0.124074
1 0.390365 0.470370 0.022396 0.027778
0 0.516406 0.209722 0.015104 0.026852
7 0.464844 0.790278 0.015104 0.028704
0 0.532813 0.635648 0.014583 0.026852
0 0.437500 0.278241 0.015625 0.026852
0 0.205729 0.768056 0.017708 0.028704
1 0.741927 0.831944 0.017188 0.030556
1 0.290365 0.177778 0.016146 0.027778
1 0.651302 0.220370 0.015104 0.027778
1 0.446615 0.645370 0.017188 0.027778
8 0.491406 0.867593 0.010937 0.025926
0 0.460156 0.485185 0.016146 0.027778
6 0.505990 0.736574 0.015104 0.026852
9 0.173177 0.137500 0.025521 0.043519
9 0.765365 0.155093 0.025521 0.043519
9 0.782552 0.954167 0.025521 0.043519
9 0.132552 0.947685 0.025521 0.043519
2 0.260937 0.458796 0.027083 0.037963
5 0.534896 0.811574 0.012500 0.023148
