3 0.455208 0.563889 0.669792 0.846296
4 0.317448 0.426389 0.067187 0.121296
0 0.492188 0.266204 0.014583 0.025000
0 0.475260 0.216667 0.014063 0.025926
1 0.500521 0.464815 0.015625 0.027778
2 0.327865 0.480093 0.025521 0.056481
1 0.672917 0.409259 0.015625 0.027778
1 0.556771 0.679630 0.017708 0.031481
1 0.727344 0.524074 0.016146 0.029630
0 0.286979 0.482407 0.016667 0.025926
6 0.512500 0.814815 0.013542 0.024074
0 0.296615 0.325463 0.016146 0.026852
5 0.562240 0.799537 0.014063 0.025000
8 0.574740 0.891204 0.007812 0.023148
9 0.173177 0.137500 0.025521 0.043519
9 0.765365 0.155093 0.025521 0.043519
9 0.782552 0.954167 0.025521 0.043519
9 0.132552 0.947685 0.025521 0.043519
7 0.519792 0.910648 0.010417 0.023148
