3 0.455208 0.565278 0.676042 0.843519
4 0.311979 0.440278 0.060417 0.108333
1 0.747396 0.455093 0.015625 0.025000
1 0.205729 0.629167 0.017708 0.028704
0 0.746354 0.526852 0.015625 0.025926
1 0.413281 0.334722 0.016146 0.026852
1 0.653646 0.349074 0.015625 0.025926
0 0.683333 0.781019 0.016667 0.028704
0 0.748958 0.375463 0.016667 0.025000
2 0.282031 0.435185 0.030729 0.053704
6 0.641667 0.528704 0.012500 0.024074
7 0.688021 0.506944 0.011458 0.013889
8 0.669531 0.417593 0.013021 0.020370
0 0.677344 0.529167 0.014063 0.025000
9 0.173177 0.137500 0.025521 0.043519
9 0.765365 0.155093 0.025521 0.043519
9 0.782552 0.954167 0.025521 0.043519
9 0.132552 0.947685 0.025521 0.043519
5 0.626042 0.449537 0.012500 0.021296
