3 0.454427 0.563889 0.670312 0.846296
4 0.317448 0.426852 0.067187 0.120370
0 0.505729 0.240278 0.014583 0.026852
1 0.399219 0.352315 0.016146 0.026852
1 0.513802 0.301852 0.015104 0.027778
0 0.297917 0.331481 0.015625 0.025926
6 0.569271 0.480093 0.014583 0.025000
2 0.328125 0.480093 0.026042 0.056481
1 0.203385 0.635185 0.017188 0.027778
1 0.672656 0.409259 0.016146 0.027778
0 0.241406 0.532870 0.015104 0.025000
8 0.559635 0.361111 0.013021 0.024074
0 0.222396 0.844444 0.017708 0.029630
0 0.613802 0.556481 0.016146 0.025926
7 0.601562 0.417593 0.009375 0.016667
3 0.459896 0.090278 0.667708 0.180556
9 0.173177 0.137500 0.025521 0.043519
9 0.765365 0.155093 0.025521 0.043519
9 0.782552 0.954167 0.025521 0.043519
9 0.132552 0.947685 0.025521 0.043519
5 0.532031 0.425463 0.011979 0.023148
