3 0.454427 0.564352 0.677604 0.841667
4 0.272656 0.423611 0.074479 0.126852
2 0.296354 0.447685 0.029167 0.056481
0 0.536979 0.268981 0.014583 0.026852
1 0.728906 0.334259 0.016146 0.027778
0 0.526563 0.211574 0.014583 0.026852
1 0.289062 0.180556 0.015625 0.027778
1 0.741927 0.831481 0.017188 0.031481
0 0.752604 0.454167 0.016667 0.026852
1 0.614323 0.757407 0.016146 0.029630
6 0.466406 0.580093 0.011979 0.023148
0 0.258333 0.403241 0.015625 0.025000
1 0.308333 0.546759 0.016667 0.025000
8 0.409635 0.655556 0.013021 0.024074
7 0.417448 0.568056 0.011979 0.023148
5 0.459635 0.664352 0.011979 0.021296
0 0.419531 0.546759 0.013021 0.025000
9 0.173177 0.137500 0.025521 0.043519
9 0.765365 0.155093 0.025521 0.043519
9 0.782552 0.954167 0.025521 0.043519
9 0.132552 0.947685 0.025521 0.043519
