3 0.455208 0.560185 0.668750 0.840741
4 0.316927 0.496296 0.074479 0.124074
6 0.433073 0.468056 0.014063 0.025000
0 0.600000 0.310185 0.014583 0.025926
8 0.363281 0.468519 0.015104 0.024074
1 0.471094 0.519444 0.016146 0.027778
0 0.392188 0.318519 0.015625 0.027778
1 0.692969 0.794907 0.017188 0.030556
1 0.642708 0.210185 0.014583 0.027778
0 0.121615 0.451389 0.017188 0.028704
0 0.476302 0.693519 0.016146 0.027778
0 0.202083 0.776852 0.016667 0.027778
5 0.398177 0.529630 0.015104 0.029630
9 0.173177 0.137500 0.025521 0.043519
9 0.765365 0.155093 0.025521 0.043519
9 0.782552 0.954167 0.025521 0.043519
9 0.132552 0.947685 0.025521 0.043519
