4 0.548698 0.574074 0.058854 0.111111
3 0.451042 0.555556 0.681250 0.851852
1 0.201042 0.294907 0.016667 0.026852
0 0.373177 0.177315 0.015104 0.026852
0 0.169531 0.795370 0.017188 0.029630
0 0.634896 0.180556 0.015625 0.025926
7 0.477865 0.430556 0.014063 0.024074
0 0.610156 0.568981 0.015104 0.026852
2 0.574479 0.575926 0.023958 0.042593
6 0.431510 0.453704 0.011979 0.022222
1 0.405729 0.772222 0.015625 0.029630
1 0.425781 0.870370 0.016146 0.031481
8 0.464583 0.349074 0.013542 0.024074
5 0.418490 0.370833 0.013021 0.026852
9 0.173177 0.137500 0.025521 0.043519
9 0.765365 0.155093 0.025521 0.043519
9 0.782552 0.954167 0.025521 0.043519
9 0.132552 0.947685 0.025521 0.043519
