3 0.454948 0.564815 0.671354 0.844444
4 0.317448 0.426389 0.068229 0.119444
0 0.157552 0.908796 0.017188 0.028704
0 0.515365 0.230093 0.014063 0.026852
1 0.378646 0.276852 0.015625 0.027778
1 0.174479 0.680556 0.017708 0.029630
8 0.433073 0.363426 0.011979 0.021296
1 0.672917 0.409259 0.015625 0.027778
2 0.327865 0.480093 0.025521 0.056481
0 0.613542 0.559259 0.015625 0.027778
1 0.419010 0.200926 0.015104 0.027778
0 0.246875 0.712037 0.016667 0.029630
0 0.295312 0.335185 0.015625 0.025926
6 0.488021 0.432870 0.011458 0.019444
7 0.484115 0.350926 0.006771 0.018519
5 0.438542 0.447685 0.016667 0.026852
9 0.173177 0.137500 0.025521 0.043519
9 0.765365 0.155093 0.025521 0.043519
9 0.782552 0.954167 0.025521 0.043519
9 0.132552 0.947685 0.025521 0.043519
