3 0.453906 0.560185 0.675521 0.848148
4 0.572917 0.573148 0.067708 0.122222
0 0.511979 0.866667 0.015625 0.031481
2 0.609375 0.617130 0.026042 0.043519
0 0.489323 0.197685 0.015104 0.026852
1 0.524219 0.507870 0.016146 0.026852
0 0.604167 0.520370 0.014583 0.025926
0 0.649740 0.762963 0.017188 0.029630
1 0.746615 0.461574 0.016146 0.026852
0 0.635156 0.468981 0.015104 0.026852
1 0.177604 0.747685 0.018750 0.030556
1 0.298177 0.580556 0.017188 0.027778
1 0.741146 0.181944 0.015625 0.026852
0 0.579688 0.527778 0.014583 0.025926
8 0.421354 0.840741 0.012500 0.024074
6 0.370833 0.752315 0.012500 0.023148
5 0.419792 0.745833 0.012500 0.025000
7 0.357552 0.786111 0.005729 0.012963
9 0.173177 0.137500 0.025521 0.043519
9 0.765365 0.155093 0.025521 0.043519
9 0.782552 0.954167 0.025521 0.043519
9 0.132552 0.947685 0.025521 0.043519
