3 0.457292 0.563889 0.673958 0.846296
4 0.321615 0.383796 0.074479 0.126852
0 0.280990 0.325926 0.016146 0.025926
1 0.575521 0.450926 0.015625 0.027778
0 0.381771 0.231944 0.015625 0.026852
0 0.680469 0.773611 0.016146 0.028704
1 0.845573 0.899074 0.018229 0.033333
0 0.741667 0.186111 0.015625 0.025926
1 0.496615 0.781944 0.015104 0.028704
1 0.627865 0.712037 0.016146 0.027778
7 0.641146 0.613426 0.014583 0.025000
2 0.302344 0.425463 0.033854 0.050926
6 0.594792 0.582407 0.013542 0.024074
9 0.173177 0.137500 0.025521 0.043519
9 0.765365 0.155093 0.025521 0.043519
9 0.782552 0.954167 0.025521 0.043519
9 0.132552 0.947685 0.025521 0.043519
5 0.611979 0.499537 0.010417 0.023148
0 0.712760 0.265741 0.010937 0.027778
