3 0.455990 0.562500 0.669271 0.841667
1 0.273958 0.269907 0.015625 0.026852
0 0.205469 0.664352 0.017188 0.028704
0 0.694010 0.188889 0.015104 0.025926
7 0.458333 0.200926 0.013542 0.024074
1 0.356771 0.465278 0.015625 0.026852
0 0.255208 0.670833 0.016667 0.026852
0 0.345833 0.405556 0.015625 0.027778
1 0.158854 0.894444 0.017708 0.029630
1 0.377865 0.559259 0.015104 0.025926
1 0.707031 0.424537 0.016146 0.026852
6 0.448698 0.279630 0.013021 0.022222
0 0.390365 0.503704 0.015104 0.025926
0 0.268750 0.649074 0.016667 0.027778
4 0.412240 0.500463 0.065104 0.110185
2 0.432812 0.496296 0.023958 0.042593
5 0.401302 0.262500 0.015104 0.023148
9 0.173177 0.137500 0.025521 0.043519
9 0.765365 0.155093 0.025521 0.043519
9 0.782552 0.954167 0.025521 0.043519
9 0.132552 0.947685 0.025521 0.043519
