3 0.455469 0.557870 0.675521 0.843519
4 0.466927 0.554630 0.072396 0.131481
1 0.468229 0.478704 0.014583 0.025926
1 0.690104 0.361111 0.016667 0.027778
6 0.345313 0.481019 0.013542 0.023148
2 0.452865 0.598611 0.026562 0.056481
1 0.672917 0.190741 0.015625 0.027778
0 0.720833 0.791204 0.016667 0.030556
0 0.424740 0.918056 0.016146 0.032407
1 0.347396 0.743519 0.015625 0.027778
5 0.329688 0.561574 0.012500 0.021296
8 0.281771 0.537500 0.014583 0.025000
9 0.173177 0.137500 0.025521 0.043519
9 0.765365 0.155093 0.025521 0.043519
9 0.782552 0.954167 0.025521 0.043519
9 0.132552 0.947685 0.025521 0.043519
