3 0.455990 0.558796 0.671354 0.845370
1 0.332813 0.212500 0.015625 0.026852
0 0.687760 0.195370 0.015104 0.025926
0 0.194792 0.438889 0.016667 0.027778
1 0.603646 0.347685 0.014583 0.026852
1 0.363542 0.466204 0.015625 0.026852
0 0.346875 0.441204 0.015625 0.026852
1 0.706250 0.783333 0.017708 0.033333
4 0.408594 0.504630 0.058854 0.116667
1 0.377604 0.559259 0.014583 0.025926
8 0.265365 0.468056 0.014063 0.023148
6 0.327083 0.404630 0.012500 0.022222
0 0.485156 0.638889 0.016146 0.027778
0 0.390365 0.498611 0.015104 0.025000
5 0.314583 0.484722 0.012500 0.021296
0 0.406250 0.542130 0.022917 0.043519
9 0.173177 0.137500 0.025521 0.043519
9 0.765365 0.155093 0.025521 0.043519
9 0.782552 0.954167 0.025521 0.043519
9 0.132552 0.947685 0.025521 0.043519
