3 0.453646 0.554630 0.671875 0.840741
4 0.565104 0.590741 0.067708 0.120370
0 0.158073 0.874074 0.017188 0.029630
0 0.582552 0.822685 0.016146 0.030556
1 0.336719 0.620370 0.016146 0.027778
0 0.645312 0.448611 0.015625 0.026852
0 0.542708 0.516204 0.014583 0.025000
2 0.570312 0.544444 0.026042 0.053704
1 0.488802 0.819907 0.016146 0.030556
0 0.329688 0.473611 0.015625 0.026852
7 0.331510 0.213426 0.011979 0.021296
0 0.406510 0.776389 0.016146 0.030556
6 0.330469 0.294907 0.011979 0.021296
5 0.280990 0.292593 0.011979 0.018519
1 0.255990 0.195370 0.013021 0.022222
9 0.173177 0.137500 0.025521 0.043519
9 0.765365 0.155093 0.025521 0.043519
9 0.782552 0.954167 0.025521 0.043519
9 0.132552 0.947685 0.025521 0.043519
