3 0.454427 0.561574 0.670312 0.845370
7 0.372396 0.218056 0.010417 0.021296
4 0.408594 0.504167 0.058854 0.117593
0 0.687760 0.195370 0.015104 0.025926
1 0.603385 0.348148 0.015104 0.025926
6 0.389844 0.293056 0.014063 0.023148
0 0.284375 0.650463 0.016667 0.026852
1 0.363802 0.465741 0.015104 0.025926
1 0.377604 0.559259 0.014583 0.025926
0 0.345313 0.442593 0.015625 0.025926
8 0.323177 0.250000 0.008854 0.016667
0 0.256250 0.630556 0.016667 0.027778
1 0.269531 0.670370 0.017188 0.029630
0 0.270052 0.616667 0.016146 0.027778
0 0.390104 0.498611 0.015625 0.025000
5 0.346094 0.324074 0.013021 0.020370
0 0.405990 0.542593 0.023438 0.044444
2 0.401042 0.542130 0.034375 0.045370
9 0.173177 0.137500 0.025521 0.043519
9 0.765365 0.155093 0.025521 0.043519
9 0.782552 0.954167 0.025521 0.043519
9 0.132552 0.947685 0.025521 0.043519
