3 0.455729 0.564815 0.671875 0.840741
4 0.321875 0.382407 0.075000 0.125926
1 0.457292 0.232407 0.015625 0.027778
0 0.374740 0.336111 0.015104 0.025926
1 0.331771 0.738426 0.017708 0.030556
1 0.633073 0.816204 0.017188 0.032407
0 0.307031 0.634722 0.016146 0.026852
1 0.503385 0.633796 0.015104 0.028704
0 0.210417 0.184722 0.015625 0.026852
1 0.585156 0.737500 0.015104 0.028704
6 0.510938 0.706019 0.012500 0.023148
7 0.520573 0.798148 0.013021 0.024074
5 0.559635 0.689352 0.014063 0.025000
0 0.279427 0.325000 0.014063 0.025926
9 0.173177 0.137500 0.025521 0.043519
9 0.765365 0.155093 0.025521 0.043519
9 0.782552 0.954167 0.025521 0.043519
9 0.132552 0.947685 0.025521 0.043519
2 0.292187 0.341667 0.030208 0.051852
