3 0.457292 0.558333 0.670833 0.846296
4 0.467708 0.550000 0.075000 0.129630
6 0.400781 0.389815 0.014063 0.024074
1 0.358073 0.173611 0.016146 0.026852
2 0.441146 0.522222 0.028125 0.053704
0 0.283333 0.750000 0.016667 0.029630
8 0.331250 0.394444 0.015625 0.024074
1 0.545833 0.820370 0.015625 0.029630
1 0.600000 0.608333 0.015625 0.029630
0 0.553385 0.850463 0.016146 0.030556
1 0.427344 0.572685 0.014063 0.026852
0 0.503385 0.661111 0.015104 0.025926
5 0.366927 0.453241 0.015104 0.032407
9 0.173177 0.137500 0.025521 0.043519
9 0.765365 0.155093 0.025521 0.043519
9 0.782552 0.954167 0.025521 0.043519
9 0.132552 0.947685 0.025521 0.043519
