3 0.457552 0.564352 0.673438 0.841667
4 0.279687 0.446296 0.075000 0.122222
0 0.340625 0.198611 0.014583 0.026852
1 0.163802 0.755093 0.018229 0.030556
1 0.314583 0.461574 0.015625 0.026852
1 0.075260 0.556944 0.018229 0.028704
1 0.747135 0.455093 0.016146 0.026852
0 0.542969 0.524537 0.016146 0.026852
0 0.310156 0.660185 0.016146 0.027778
0 0.294010 0.592130 0.016146 0.026852
6 0.445833 0.633333 0.013542 0.024074
7 0.397396 0.661111 0.012500 0.025926
2 0.292708 0.401389 0.033333 0.047222
8 0.411979 0.751389 0.013542 0.023148
9 0.173177 0.137500 0.025521 0.043519
9 0.765365 0.155093 0.025521 0.043519
9 0.782552 0.954167 0.025521 0.043519
9 0.132552 0.947685 0.025521 0.043519
5 0.460677 0.716204 0.013021 0.021296
