3 0.452344 0.562963 0.680729 0.846296
4 0.311979 0.440278 0.060417 0.106481
1 0.205729 0.629630 0.017708 0.029630
0 0.757552 0.663889 0.017188 0.027778
2 0.282031 0.435185 0.030729 0.053704
1 0.392188 0.441204 0.015625 0.026852
0 0.312500 0.368519 0.015625 0.025926
0 0.683333 0.781019 0.016667 0.028704
6 0.433073 0.531481 0.013021 0.024074
1 0.730729 0.189352 0.015625 0.026852
8 0.371875 0.594907 0.013542 0.023148
7 0.382552 0.509259 0.007812 0.020370
5 0.420833 0.612963 0.012500 0.020370
9 0.173177 0.137500 0.025521 0.043519
9 0.765365 0.155093 0.025521 0.043519
9 0.782552 0.954167 0.025521 0.043519
9 0.132552 0.947685 0.025521 0.043519
