3 0.453646 0.555556 0.670833 0.838889
4 0.467708 0.553241 0.072917 0.132407
1 0.751042 0.281944 0.016667 0.026852
1 0.682552 0.491204 0.016146 0.028704
6 0.516406 0.685185 0.014063 0.025926
0 0.719271 0.466204 0.016667 0.026852
2 0.452604 0.598611 0.027083 0.056481
1 0.762760 0.840278 0.017188 0.030556
0 0.617188 0.872685 0.015625 0.030556
7 0.556510 0.740741 0.015104 0.025926
0 0.690365 0.572222 0.015104 0.025926
0 0.739844 0.825000 0.016146 0.029630
0 0.648438 0.896296 0.015625 0.029630
1 0.651302 0.181019 0.015104 0.028704
0 0.521615 0.514352 0.015104 0.026852
1 0.589583 0.843981 0.015625 0.030556
8 0.586979 0.667593 0.011458 0.024074
9 0.173177 0.137500 0.025521 0.043519
9 0.765365 0.155093 0.025521 0.043519
9 0.782552 0.954167 0.025521 0.043519
9 0.132552 0.947685 0.025521 0.043519
5 0.546094 0.612963 0.010937 0.022222
