3 0.454688 0.554167 0.669792 0.841667
4 0.563021 0.554630 0.066667 0.120370
0 0.592448 0.473611 0.016146 0.026852
0 0.608073 0.563889 0.015104 0.025926
0 0.635417 0.468519 0.015625 0.027778
1 0.299740 0.600463 0.017188 0.028704
0 0.671875 0.735185 0.016667 0.031481
1 0.370833 0.748148 0.015625 0.024074
6 0.329948 0.643056 0.011979 0.023148
8 0.380729 0.725463 0.012500 0.021296
7 0.329688 0.733333 0.014583 0.027778
2 0.558854 0.594907 0.025000 0.043519
5 0.378385 0.637500 0.011979 0.023148
9 0.173177 0.137500 0.025521 0.043519
9 0.765365 0.155093 0.025521 0.043519
9 0.782552 0.954167 0.025521 0.043519
9 0.132552 0.947685 0.025521 0.043519
