3 0.455729 0.565278 0.671875 0.843519
4 0.279687 0.446296 0.075000 0.122222
0 0.289844 0.178704 0.016146 0.027778
1 0.163542 0.755093 0.017708 0.030556
1 0.314844 0.461574 0.016146 0.026852
1 0.747396 0.454630 0.015625 0.025926
1 0.097135 0.591204 0.018229 0.026852
0 0.556250 0.534722 0.015625 0.028704
6 0.547656 0.778241 0.011979 0.023148
0 0.293750 0.592593 0.016667 0.025926
0 0.311458 0.660185 0.016667 0.027778
2 0.292708 0.401389 0.033333 0.047222
7 0.547396 0.873148 0.012500 0.024074
0 0.533333 0.801389 0.013542 0.025000
9 0.173177 0.137500 0.025521 0.043519
9 0.765365 0.155093 0.025521 0.043519
9 0.782552 0.954167 0.025521 0.043519
9 0.132552 0.947685 0.025521 0.043519
5 0.598177 0.778704 0.014063 0.025926
