3 0.454688 0.564352 0.675000 0.843519
4 0.311719 0.440741 0.059896 0.107407
1 0.205729 0.629167 0.018750 0.028704
1 0.492708 0.373148 0.015625 0.027778
0 0.313021 0.373611 0.015625 0.026852
1 0.606771 0.186574 0.015625 0.028704
2 0.282031 0.435185 0.030729 0.053704
0 0.683333 0.780556 0.017708 0.029630
6 0.433333 0.546759 0.012500 0.023148
0 0.279167 0.552778 0.016667 0.029630
8 0.375781 0.619907 0.013021 0.025000
1 0.370573 0.536111 0.015104 0.025926
9 0.173177 0.137500 0.025521 0.043519
9 0.765365 0.155093 0.025521 0.043519
9 0.782552 0.954167 0.025521 0.043519
9 0.132552 0.947685 0.025521 0.043519
5 0.426302 0.631019 0.010937 0.023148
