3 0.455208 0.563426 0.670833 0.841667
4 0.321094 0.383333 0.073438 0.127778
1 0.183073 0.223611 0.016146 0.026852
0 0.280990 0.326389 0.016146 0.026852
1 0.680729 0.529167 0.017708 0.028704
6 0.406250 0.640741 0.015625 0.024074
7 0.366927 0.705556 0.011979 0.022222
1 0.260677 0.748611 0.018229 0.032407
8 0.401042 0.767593 0.014583 0.027778
0 0.468490 0.532407 0.015104 0.025926
2 0.302604 0.425463 0.034375 0.050926
5 0.438542 0.703704 0.014583 0.025926
9 0.173177 0.137500 0.025521 0.043519
9 0.765365 0.155093 0.025521 0.043519
9 0.782552 0.954167 0.025521 0.043519
9 0.132552 0.947685 0.025521 0.043519
