3 0.454167 0.552778 0.672917 0.837037
4 0.467187 0.552315 0.072917 0.128704
1 0.023958 0.183333 0.016667 0.027778
2 0.437500 0.493519 0.032292 0.044444
0 0.170573 0.770833 0.017188 0.028704
1 0.679948 0.334722 0.016146 0.026852
1 0.279687 0.721296 0.017708 0.031481
0 0.381250 0.481481 0.015625 0.025926
1 0.513021 0.650000 0.016667 0.031481
0 0.425000 0.917593 0.015625 0.031481
6 0.438021 0.734722 0.012500 0.023148
8 0.477083 0.842130 0.013542 0.025000
9 0.173177 0.137500 0.025521 0.043519
9 0.765365 0.155093 0.025521 0.043519
9 0.782552 0.954167 0.025521 0.043519
9 0.132552 0.947685 0.025521 0.043519
5 0.486979 0.750926 0.010417 0.020370
7 0.429427 0.823611 0.009896 0.019444
