3 0.454427 0.557407 0.670312 0.840741
4 0.418229 0.520370 0.059375 0.111111
6 0.516406 0.557870 0.014063 0.026852
0 0.201302 0.753704 0.017188 0.027778
0 0.695573 0.234722 0.015104 0.026852
0 0.733073 0.193981 0.015104 0.025000
1 0.378125 0.558796 0.015625 0.026852
8 0.584375 0.539352 0.014583 0.025000
1 0.383333 0.421296 0.015625 0.025926
1 0.756250 0.882407 0.016667 0.029630
7 0.555990 0.608796 0.015104 0.026852
1 0.350260 0.913889 0.017188 0.033333
1 0.762760 0.822222 0.017188 0.031481
0 0.251823 0.463426 0.016146 0.026852
0 0.690104 0.927315 0.017708 0.030556
5 0.545573 0.486111 0.015104 0.027778
0 0.418750 0.476852 0.023958 0.044444
2 0.418490 0.476389 0.024479 0.043519
9 0.173177 0.137500 0.025521 0.043519
9 0.765365 0.155093 0.025521 0.043519
9 0.782552 0.954167 0.025521 0.043519
9 0.132552 0.947685 0.025521 0.043519
