3 0.454167 0.566204 0.671875 0.841667
4 0.272917 0.423611 0.073958 0.125000
0 0.462500 0.385648 0.015625 0.026852
0 0.752865 0.456944 0.016146 0.026852
0 0.437240 0.280093 0.015104 0.026852
0 0.205729 0.766667 0.017708 0.027778
1 0.610938 0.582407 0.015625 0.027778
1 0.742448 0.831944 0.017188 0.032407
1 0.624219 0.753241 0.016146 0.028704
0 0.526563 0.629630 0.015625 0.027778
1 0.290365 0.177778 0.016146 0.027778
6 0.670052 0.533333 0.013021 0.024074
1 0.558073 0.675926 0.015104 0.027778
0 0.257812 0.402778 0.015625 0.025926
8 0.683594 0.415278 0.014063 0.025000
2 0.296354 0.437500 0.027083 0.041667
9 0.173177 0.137500 0.025521 0.043519
9 0.765365 0.155093 0.025521 0.043519
9 0.782552 0.954167 0.025521 0.043519
9 0.132552 0.947685 0.025521 0.043519
5 0.643490 0.459259 0.008854 0.020370
