3 0.453125 0.558796 0.669792 0.847222
4 0.335938 0.530093 0.071875 0.126852
6 0.626823 0.475463 0.014063 0.025000
1 0.556771 0.205556 0.015625 0.029630
1 0.302865 0.475926 0.015104 0.025926
1 0.760417 0.836574 0.016667 0.030556
8 0.628385 0.356019 0.014063 0.025000
9 0.173177 0.137500 0.025521 0.043519
9 0.765365 0.155093 0.025521 0.043519
9 0.782552 0.954167 0.025521 0.043519
9 0.132552 0.947685 0.025521 0.043519
5 0.595313 0.412500 0.011458 0.019444
0 0.518750 0.472222 0.014583 0.025926
0 0.513542 0.558333 0.014583 0.025926
0 0.523958 0.731944 0.014583 0.026852
