3 0.454427 0.552778 0.669271 0.840741
4 0.549479 0.574074 0.060417 0.109259
1 0.201302 0.295833 0.018229 0.028704
8 0.223958 0.733333 0.014583 0.027778
6 0.238021 0.606481 0.015625 0.025926
0 0.635156 0.181019 0.015104 0.026852
0 0.372917 0.178704 0.015625 0.027778
0 0.451562 0.452315 0.015625 0.026852
1 0.552344 0.751389 0.016146 0.030556
0 0.635417 0.395370 0.015625 0.027778
1 0.701562 0.650463 0.016667 0.030556
0 0.458333 0.798148 0.015625 0.029630
2 0.574479 0.575463 0.023958 0.041667
5 0.265365 0.675926 0.014063 0.027778
9 0.173177 0.137500 0.025521 0.043519
9 0.765365 0.155093 0.025521 0.043519
9 0.782552 0.954167 0.025521 0.043519
9 0.132552 0.947685 0.025521 0.043519
