3 0.453906 0.553704 0.670312 0.844444
4 0.549219 0.574074 0.059896 0.111111
6 0.277604 0.334722 0.014583 0.025000
0 0.635156 0.180556 0.015104 0.027778
0 0.373437 0.177315 0.015625 0.026852
7 0.252865 0.265741 0.016146 0.025926
1 0.551823 0.750463 0.016146 0.030556
0 0.452083 0.457870 0.014583 0.026852
1 0.701562 0.650000 0.016667 0.029630
0 0.457813 0.799537 0.015625 0.030556
0 0.597135 0.573148 0.014063 0.027778
2 0.574479 0.575926 0.023958 0.042593
8 0.208073 0.318981 0.007812 0.015741
5 0.234375 0.377778 0.014583 0.025926
9 0.173177 0.137500 0.025521 0.043519
9 0.765365 0.155093 0.025521 0.043519
9 0.782552 0.954167 0.025521 0.043519
9 0.132552 0.947685 0.025521 0.043519
