3 0.454688 0.559259 0.670833 0.846296
4 0.468229 0.550463 0.073958 0.128704
1 0.196615 0.167130 0.016146 0.028704
6 0.557031 0.418056 0.014063 0.025000
1 0.254427 0.209722 0.016146 0.026852
1 0.118750 0.514815 0.018750 0.027778
7 0.593750 0.366204 0.013542 0.023148
1 0.551823 0.822222 0.016146 0.029630
2 0.441146 0.521759 0.029167 0.054630
0 0.256510 0.639815 0.018229 0.029630
0 0.563281 0.440741 0.015104 0.025926
8 0.555729 0.297685 0.009375 0.013889
5 0.524219 0.353704 0.019271 0.027778
0 0.594792 0.402778 0.013542 0.024074
9 0.173177 0.137500 0.025521 0.043519
9 0.765365 0.155093 0.025521 0.043519
9 0.782552 0.954167 0.025521 0.043519
9 0.132552 0.947685 0.025521 0.043519
