3 0.455469 0.559259 0.672396 0.842593
4 0.316667 0.495833 0.073958 0.123148
6 0.423177 0.466204 0.014063 0.025000
0 0.343750 0.372685 0.016667 0.026852
0 0.392188 0.318981 0.015625 0.026852
1 0.741927 0.831481 0.017188 0.029630
1 0.351562 0.633333 0.016667 0.025926
0 0.476302 0.693056 0.016146 0.028704
0 0.662760 0.522222 0.016146 0.027778
0 0.206250 0.767593 0.017708 0.027778
1 0.741927 0.268519 0.013021 0.024074
5 0.388542 0.537500 0.016667 0.036111
8 0.352083 0.475000 0.014583 0.024074
9 0.173177 0.137500 0.025521 0.043519
9 0.765365 0.155093 0.025521 0.043519
9 0.782552 0.954167 0.025521 0.043519
9 0.132552 0.947685 0.025521 0.043519
2 0.304948 0.532870 0.024479 0.036111
