3 0.455729 0.557870 0.670833 0.847222
4 0.573177 0.573611 0.068229 0.123148
0 0.162500 0.730093 0.017708 0.028704
0 0.378906 0.256019 0.015104 0.026852
6 0.477865 0.542130 0.011979 0.021296
1 0.747917 0.185648 0.015625 0.026852
0 0.407552 0.373611 0.015104 0.026852
1 0.540885 0.523148 0.015104 0.027778
0 0.514844 0.855093 0.016146 0.030556
1 0.176302 0.760185 0.018229 0.031481
1 0.729427 0.205093 0.015104 0.026852
0 0.583854 0.526852 0.014583 0.025926
1 0.298177 0.580093 0.017188 0.028704
0 0.649479 0.763889 0.016667 0.029630
8 0.521354 0.447685 0.011458 0.023148
2 0.609115 0.617593 0.025521 0.044444
7 0.526042 0.532870 0.012500 0.023148
5 0.472656 0.455556 0.011979 0.025926
9 0.173177 0.137500 0.025521 0.043519
9 0.765365 0.155093 0.025521 0.043519
9 0.782552 0.954167 0.025521 0.043519
9 0.132552 0.947685 0.025521 0.043519
