3 0.454688 0.565278 0.672917 0.839815
4 0.273438 0.423148 0.073958 0.124074
6 0.503646 0.545833 0.013542 0.025000
0 0.553125 0.241667 0.014583 0.025926
1 0.627083 0.396759 0.016667 0.026852
0 0.437240 0.278241 0.015104 0.026852
1 0.672135 0.540741 0.017188 0.027778
1 0.651042 0.220833 0.014583 0.026852
1 0.290365 0.177778 0.016146 0.027778
0 0.474219 0.418519 0.015104 0.025926
1 0.742188 0.831481 0.017708 0.031481
7 0.458594 0.509722 0.013021 0.025000
0 0.526302 0.629167 0.015104 0.028704
0 0.205469 0.767593 0.018229 0.027778
8 0.438542 0.588889 0.014583 0.027778
5 0.483333 0.624074 0.014583 0.024074
9 0.173177 0.137500 0.025521 0.043519
9 0.765365 0.155093 0.025521 0.043519
9 0.782552 0.954167 0.025521 0.043519
9 0.132552 0.947685 0.025521 0.043519
2 0.260937 0.459722 0.032292 0.037963
