3 0.454948 0.558333 0.670312 0.844444
4 0.466146 0.557407 0.072917 0.127778
0 0.645052 0.604630 0.016146 0.029630
0 0.577083 0.518519 0.015625 0.027778
6 0.491927 0.644907 0.014063 0.025000
1 0.185156 0.371296 0.017188 0.027778
1 0.345052 0.537037 0.016146 0.027778
1 0.697917 0.783796 0.016667 0.030556
0 0.420833 0.483333 0.015625 0.027778
7 0.534115 0.689815 0.015104 0.025926
8 0.558073 0.611111 0.014063 0.027778
1 0.597396 0.668981 0.013542 0.025000
2 0.450521 0.598148 0.036458 0.046296
5 0.515625 0.565278 0.015625 0.034259
9 0.173177 0.137500 0.025521 0.043519
9 0.765365 0.155093 0.025521 0.043519
9 0.782552 0.954167 0.025521 0.043519
9 0.132552 0.947685 0.025521 0.043519
