3 0.455469 0.557870 0.670312 0.837963
4 0.422135 0.519907 0.073438 0.130556
2 0.501302 0.272685 0.030729 0.043519
1 0.200260 0.184722 0.016146 0.026852
0 0.267448 0.268981 0.015104 0.026852
8 0.509375 0.775926 0.014583 0.025926
6 0.439844 0.756944 0.014063 0.025000
0 0.477604 0.193056 0.013542 0.026852
1 0.701562 0.650463 0.016667 0.030556
1 0.742969 0.450463 0.016146 0.026852
0 0.734896 0.426389 0.015625 0.025000
1 0.419271 0.788889 0.014583 0.025926
7 0.470313 0.833333 0.014583 0.024074
5 0.479167 0.701852 0.015625 0.027778
9 0.173177 0.137500 0.025521 0.043519
9 0.765365 0.155093 0.025521 0.043519
9 0.782552 0.954167 0.025521 0.043519
9 0.132552 0.947685 0.025521 0.043519
