3 0.456510 0.562500 0.672396 0.843519
4 0.317448 0.426389 0.067187 0.121296
0 0.522396 0.239815 0.014583 0.025926
0 0.301302 0.346759 0.016146 0.026852
6 0.427604 0.761111 0.014583 0.025926
2 0.328125 0.480093 0.026042 0.056481
1 0.662240 0.402315 0.017188 0.028704
1 0.713021 0.514815 0.016667 0.027778
0 0.731510 0.418056 0.015104 0.025000
0 0.621354 0.550000 0.015625 0.027778
1 0.753385 0.468519 0.016146 0.025926
1 0.745052 0.489815 0.016146 0.027778
0 0.427604 0.732407 0.014583 0.027778
8 0.435156 0.895370 0.011979 0.022222
9 0.173177 0.137500 0.025521 0.043519
9 0.765365 0.155093 0.025521 0.043519
9 0.782552 0.954167 0.025521 0.043519
9 0.132552 0.947685 0.025521 0.043519
5 0.465625 0.818981 0.014583 0.026852
