3 0.454427 0.558796 0.672396 0.843519
4 0.317448 0.532407 0.071354 0.124074
0 0.692708 0.720833 0.015625 0.028704
6 0.587240 0.769907 0.015104 0.026852
1 0.513802 0.202315 0.015104 0.026852
1 0.603906 0.644444 0.016146 0.029630
1 0.760417 0.838426 0.017708 0.032407
0 0.683854 0.424537 0.015625 0.026852
0 0.392188 0.318519 0.015625 0.027778
7 0.614844 0.848148 0.013021 0.025926
2 0.339844 0.518981 0.025521 0.041667
0 0.590885 0.842130 0.014063 0.021296
9 0.173177 0.137500 0.025521 0.043519
9 0.765365 0.155093 0.025521 0.043519
9 0.782552 0.954167 0.025521 0.043519
9 0.132552 0.947685 0.025521 0.043519
5 0.628125 0.718056 0.011458 0.021296
