3 0.454688 0.558796 0.676042 0.841667
4 0.422135 0.520370 0.073438 0.129630
2 0.501302 0.274537 0.030729 0.043519
1 0.200781 0.184259 0.017188 0.029630
0 0.477604 0.193056 0.013542 0.026852
1 0.703906 0.188889 0.014063 0.025926
0 0.736979 0.214352 0.015625 0.026852
1 0.742188 0.450463 0.015625 0.026852
7 0.534635 0.557870 0.013021 0.023148
0 0.346354 0.468519 0.016667 0.027778
0 0.267188 0.267593 0.015625 0.025926
1 0.702083 0.651389 0.016667 0.030556
1 0.411979 0.615741 0.015625 0.027778
0 0.734635 0.426389 0.016146 0.026852
6 0.486719 0.575000 0.011979 0.022222
0 0.491667 0.646296 0.015625 0.027778
8 0.525000 0.472685 0.013542 0.023148
5 0.477083 0.487963 0.013542 0.027778
9 0.173177 0.137500 0.025521 0.043519
9 0.765365 0.155093 0.025521 0.043519
9 0.782552 0.954167 0.025521 0.043519
9 0.132552 0.947685 0.025521 0.043519
