3 0.456250 0.560185 0.665625 0.844444
0 0.688542 0.199074 0.014583 0.025926
1 0.305469 0.245833 0.015104 0.026852
1 0.159115 0.894444 0.018229 0.031481
1 0.378125 0.559259 0.015625 0.025926
0 0.390104 0.503704 0.014583 0.025926
7 0.558854 0.331944 0.015625 0.026852
1 0.361719 0.454630 0.015104 0.027778
1 0.635417 0.365278 0.015625 0.028704
6 0.518490 0.374074 0.013021 0.024074
0 0.346354 0.435648 0.015625 0.026852
0 0.292708 0.633333 0.016667 0.027778
0 0.277604 0.668056 0.016667 0.028704
0 0.252083 0.681481 0.016667 0.027778
2 0.432812 0.496759 0.023958 0.043519
4 0.411719 0.500463 0.065104 0.110185
5 0.494010 0.300926 0.016146 0.025926
9 0.173177 0.137500 0.025521 0.043519
9 0.765365 0.155093 0.025521 0.043519
9 0.782552 0.954167 0.025521 0.043519
9 0.132552 0.947685 0.025521 0.043519
