3 0.455208 0.558333 0.672917 0.844444
4 0.316927 0.495833 0.073438 0.125000
1 0.468229 0.528704 0.015625 0.027778
1 0.746354 0.836111 0.016667 0.031481
6 0.607812 0.569444 0.012500 0.022222
8 0.640365 0.462500 0.010937 0.019444
7 0.655208 0.554167 0.011458 0.015741
1 0.642448 0.209722 0.014063 0.026852
9 0.173177 0.137500 0.025521 0.043519
9 0.765365 0.155093 0.025521 0.043519
9 0.782552 0.954167 0.025521 0.043519
9 0.132552 0.947685 0.025521 0.043519
5 0.596615 0.483796 0.013021 0.023148
2 0.306250 0.534259 0.026042 0.042593
0 0.391927 0.317593 0.016146 0.025926
0 0.601042 0.308333 0.015625 0.024074
0 0.476042 0.692130 0.016667 0.030556
0 0.398958 0.867593 0.014583 0.031481
0 0.210938 0.762963 0.017708 0.031481
