3 0.454688 0.562963 0.673958 0.842593
4 0.279687 0.446296 0.076042 0.124074
0 0.489323 0.396296 0.016146 0.027778
1 0.747135 0.452315 0.016146 0.026852
1 0.161979 0.756481 0.017708 0.029630
1 0.257552 0.885185 0.018229 0.033333
0 0.180729 0.795833 0.017708 0.028704
1 0.748958 0.832870 0.016667 0.030556
0 0.290365 0.585648 0.016146 0.026852
0 0.698698 0.634259 0.017188 0.027778
0 0.737760 0.672222 0.016146 0.027778
6 0.454427 0.645370 0.014063 0.025926
2 0.292708 0.401389 0.033333 0.047222
7 0.407552 0.678704 0.013021 0.027778
8 0.423958 0.767130 0.012500 0.021296
9 0.173177 0.137500 0.025521 0.043519
9 0.765365 0.155093 0.025521 0.043519
9 0.782552 0.954167 0.025521 0.043519
9 0.132552 0.947685 0.025521 0.043519
5 0.471615 0.725000 0.013021 0.022222
