3 0.455729 0.558796 0.671875 0.843519
4 0.467708 0.549537 0.072917 0.128704
2 0.497917 0.574537 0.027083 0.056481
1 0.619271 0.187500 0.014583 0.028704
6 0.433333 0.359722 0.013542 0.023148
0 0.660937 0.822685 0.016667 0.030556
1 0.587500 0.253241 0.014583 0.026852
8 0.368490 0.317130 0.013021 0.025000
0 0.283333 0.750463 0.016667 0.030556
1 0.427344 0.572685 0.014063 0.026852
1 0.745573 0.663889 0.017188 0.029630
0 0.501302 0.661574 0.015104 0.026852
7 0.416146 0.282407 0.008333 0.018519
5 0.437500 0.326852 0.009375 0.014815
9 0.173177 0.137500 0.025521 0.043519
9 0.765365 0.155093 0.025521 0.043519
9 0.782552 0.954167 0.025521 0.043519
9 0.132552 0.947685 0.025521 0.043519
5 0.388542 0.393981 0.011458 0.015741
