3 0.452344 0.559259 0.671354 0.846296
4 0.467708 0.553704 0.072917 0.133333
0 0.537240 0.480556 0.014063 0.025926
0 0.564844 0.505093 0.015104 0.026852
1 0.255990 0.212963 0.016146 0.027778
1 0.746094 0.248148 0.015104 0.025926
0 0.415885 0.215741 0.014063 0.025926
6 0.505729 0.443056 0.014583 0.025000
0 0.518490 0.516667 0.015104 0.025926
1 0.737500 0.410648 0.016667 0.026852
1 0.305208 0.179630 0.018750 0.029630
0 0.632812 0.637963 0.015625 0.027778
2 0.452865 0.599074 0.026562 0.057407
7 0.541146 0.388426 0.014583 0.025000
5 0.472656 0.378704 0.017188 0.027778
9 0.173177 0.137500 0.025521 0.043519
9 0.765365 0.155093 0.025521 0.043519
9 0.782552 0.954167 0.025521 0.043519
9 0.132552 0.947685 0.025521 0.043519
