3 0.455469 0.554630 0.671354 0.844444
4 0.466927 0.556019 0.073438 0.126852
0 0.420052 0.199074 0.015104 0.025926
2 0.478125 0.510185 0.025000 0.057407
1 0.185677 0.371759 0.017188 0.028704
1 0.334115 0.524074 0.015104 0.025926
0 0.217969 0.204167 0.016146 0.026852
6 0.349219 0.400000 0.014063 0.024074
7 0.320573 0.333796 0.011979 0.023148
8 0.276302 0.388426 0.010937 0.021296
1 0.588542 0.803704 0.015625 0.029630
0 0.366146 0.391667 0.014583 0.027778
9 0.173177 0.137500 0.025521 0.043519
9 0.765365 0.155093 0.025521 0.043519
9 0.782552 0.954167 0.025521 0.043519
9 0.132552 0.947685 0.025521 0.043519
5 0.309375 0.450463 0.011458 0.017593
