3 0.457292 0.563889 0.675000 0.842593
4 0.321615 0.383796 0.074479 0.126852
1 0.195052 0.187037 0.016146 0.027778
0 0.762240 0.844907 0.017188 0.028704
0 0.280729 0.326389 0.016667 0.026852
1 0.558073 0.640278 0.015104 0.028704
1 0.261198 0.748148 0.018229 0.031481
7 0.617708 0.685185 0.014583 0.022222
6 0.576823 0.633796 0.014063 0.025000
2 0.302604 0.425463 0.034375 0.050926
1 0.606510 0.701852 0.015104 0.027778
0 0.443229 0.668056 0.014583 0.028704
0 0.722135 0.196296 0.015104 0.027778
9 0.173177 0.137500 0.025521 0.043519
9 0.765365 0.155093 0.025521 0.043519
9 0.782552 0.954167 0.025521 0.043519
9 0.132552 0.947685 0.025521 0.043519
5 0.605990 0.559259 0.011979 0.024074
