4 0.422135 0.520370 0.073438 0.129630
6 0.502083 0.614352 0.011458 0.021296
0 0.425781 0.291667 0.015104 0.025926
1 0.273438 0.348148 0.016667 0.027778
1 0.622656 0.485185 0.015104 0.027778
0 0.748698 0.331944 0.015104 0.026852
1 0.579948 0.412037 0.015104 0.025926
0 0.580990 0.581944 0.015104 0.026852
1 0.550000 0.641667 0.015625 0.027778
0 0.289062 0.450463 0.016667 0.026852
3 0.453906 0.556944 0.676562 0.847222
0 0.568750 0.435185 0.014583 0.025926
1 0.411979 0.615741 0.015625 0.025926
7 0.551042 0.614815 0.012500 0.020370
0 0.492188 0.632870 0.014583 0.026852
5 0.501823 0.525463 0.013021 0.028704
8 0.551042 0.527778 0.012500 0.024074
2 0.442969 0.491204 0.025521 0.043519
9 0.173177 0.137500 0.025521 0.043519
9 0.765365 0.155093 0.025521 0.043519
9 0.782552 0.954167 0.025521 0.043519
9 0.132552 0.947685 0.025521 0.043519
