3 0.456510 0.564815 0.674479 0.844444
4 0.279427 0.446296 0.074479 0.124074
6 0.519010 0.409722 0.013021 0.023148
0 0.738281 0.670370 0.016146 0.027778
1 0.747396 0.454630 0.015625 0.025926
1 0.163542 0.755093 0.017708 0.030556
0 0.698698 0.634722 0.016146 0.026852
0 0.308073 0.831481 0.016146 0.031481
0 0.552604 0.831481 0.015625 0.029630
1 0.748698 0.832870 0.017188 0.032407
1 0.317448 0.456481 0.015104 0.027778
2 0.292969 0.401852 0.032813 0.048148
0 0.297396 0.608796 0.016667 0.026852
8 0.456510 0.362037 0.014063 0.024074
5 0.474219 0.439815 0.016146 0.025926
9 0.173177 0.137500 0.025521 0.043519
9 0.765365 0.155093 0.025521 0.043519
9 0.782552 0.954167 0.025521 0.043519
9 0.132552 0.947685 0.025521 0.043519
