3 0.456510 0.558796 0.674479 0.843519
4 0.466146 0.556481 0.071875 0.129630
6 0.318750 0.410648 0.014583 0.025000
8 0.244792 0.418981 0.010417 0.021296
0 0.581250 0.448148 0.015625 0.027778
1 0.697656 0.782870 0.017188 0.030556
1 0.332552 0.619907 0.017188 0.028704
5 0.283594 0.473611 0.015104 0.028704
1 0.709896 0.815741 0.017708 0.033333
1 0.537500 0.832870 0.016667 0.030556
7 0.284375 0.351852 0.012500 0.020370
0 0.553125 0.519907 0.015625 0.026852
0 0.329948 0.908796 0.016146 0.032407
2 0.450521 0.598148 0.036458 0.046296
9 0.173177 0.137500 0.025521 0.043519
9 0.765365 0.155093 0.025521 0.043519
9 0.782552 0.954167 0.025521 0.043519
9 0.132552 0.947685 0.025521 0.043519
