3 0.454948 0.561574 0.670312 0.845370
4 0.418229 0.525926 0.060417 0.116667
0 0.692448 0.242593 0.015104 0.025926
0 0.731510 0.193981 0.015104 0.025000
1 0.675521 0.347222 0.016667 0.027778
1 0.377865 0.558796 0.015104 0.026852
0 0.638021 0.637500 0.016667 0.026852
1 0.650781 0.848148 0.018229 0.033333
0 0.670052 0.782407 0.016146 0.029630
1 0.555990 0.625000 0.016146 0.027778
0 0.252083 0.462963 0.016667 0.027778
6 0.527083 0.349537 0.013542 0.025000
1 0.760417 0.869444 0.016667 0.031481
7 0.565885 0.303241 0.015104 0.025000
5 0.499740 0.280093 0.016146 0.026852
2 0.416667 0.563889 0.026042 0.044444
9 0.173177 0.137500 0.025521 0.043519
9 0.765365 0.155093 0.025521 0.043519
9 0.782552 0.954167 0.025521 0.043519
9 0.132552 0.947685 0.025521 0.043519
