3 0.453906 0.553704 0.671354 0.844444
4 0.429427 0.569907 0.065104 0.115741
1 0.673958 0.396296 0.015625 0.027778
0 0.642969 0.363889 0.016146 0.027778
1 0.661198 0.667593 0.016146 0.029630
6 0.304427 0.482407 0.014063 0.024074
0 0.577865 0.526389 0.015104 0.026852
1 0.717969 0.817593 0.017188 0.031481
1 0.694271 0.829167 0.017708 0.030556
8 0.236458 0.530556 0.013542 0.025926
5 0.283854 0.561111 0.013542 0.022222
7 0.260156 0.444907 0.011979 0.013889
2 0.453906 0.573611 0.024479 0.041667
9 0.173177 0.137500 0.025521 0.043519
9 0.765365 0.155093 0.025521 0.043519
9 0.782552 0.954167 0.025521 0.043519
9 0.132552 0.947685 0.025521 0.043519
