3 0.454948 0.566204 0.671354 0.841667
4 0.273958 0.423148 0.073958 0.122222
0 0.437240 0.278241 0.015104 0.026852
0 0.246094 0.229167 0.022396 0.034259
1 0.741927 0.831481 0.017188 0.031481
0 0.461198 0.382870 0.015104 0.026852
1 0.583594 0.607407 0.016146 0.029630
0 0.205729 0.767130 0.017708 0.028704
0 0.559635 0.314352 0.015104 0.026852
1 0.689583 0.695370 0.016667 0.029630
0 0.526302 0.628704 0.016146 0.027778
1 0.290365 0.177778 0.016146 0.027778
1 0.651302 0.220370 0.015104 0.027778
6 0.698177 0.674537 0.011979 0.023148
7 0.747135 0.695833 0.011979 0.013889
8 0.753906 0.597222 0.008854 0.018519
5 0.704427 0.588889 0.010937 0.022222
9 0.173177 0.137500 0.025521 0.043519
9 0.765365 0.155093 0.025521 0.043519
9 0.782552 0.954167 0.025521 0.043519
9 0.132552 0.947685 0.025521 0.043519
2 0.260417 0.459259 0.028125 0.037037
