3 0.453125 0.563889 0.677083 0.842593
4 0.272917 0.423611 0.073958 0.125000
0 0.636458 0.211574 0.015625 0.028704
0 0.594792 0.331944 0.015625 0.028704
0 0.501563 0.537500 0.015625 0.026852
2 0.296615 0.448148 0.028646 0.057407
0 0.647917 0.600926 0.016667 0.029630
1 0.746875 0.844444 0.017708 0.031481
1 0.159375 0.761111 0.016667 0.029630
1 0.746875 0.727315 0.017708 0.032407
0 0.254167 0.400463 0.015625 0.025000
1 0.176042 0.750463 0.017708 0.030556
6 0.457292 0.545370 0.011458 0.022222
7 0.406771 0.530093 0.009375 0.023148
8 0.399219 0.615741 0.013021 0.024074
5 0.448437 0.628241 0.011458 0.019444
9 0.173177 0.137500 0.025521 0.043519
9 0.765365 0.155093 0.025521 0.043519
9 0.782552 0.954167 0.025521 0.043519
9 0.132552 0.947685 0.025521 0.043519
