3 0.454948 0.560185 0.669271 0.846296
0 0.687760 0.195370 0.015104 0.025926
1 0.604427 0.348611 0.015104 0.026852
0 0.341927 0.443981 0.015104 0.026852
1 0.363542 0.466204 0.015625 0.028704
1 0.337500 0.216204 0.015625 0.026852
1 0.378125 0.558796 0.015625 0.026852
0 0.290365 0.603704 0.016146 0.027778
1 0.410938 0.845370 0.016667 0.031481
0 0.250781 0.675926 0.017188 0.027778
0 0.390104 0.503704 0.014583 0.025926
0 0.284375 0.659722 0.016667 0.028704
6 0.430469 0.649537 0.011979 0.021296
2 0.432812 0.496296 0.023958 0.042593
4 0.411979 0.500463 0.064583 0.110185
8 0.483073 0.729630 0.011979 0.024074
7 0.433854 0.740278 0.011458 0.019444
9 0.173177 0.137500 0.025521 0.043519
9 0.765365 0.155093 0.025521 0.043519
9 0.782552 0.954167 0.025521 0.043519
9 0.132552 0.947685 0.025521 0.043519
5 0.480208 0.641204 0.010417 0.023148
