3 0.455729 0.564815 0.673958 0.842593
4 0.321354 0.372685 0.073958 0.102778
0 0.280208 0.325463 0.016667 0.026852
0 0.371354 0.337037 0.014583 0.025926
1 0.318229 0.733796 0.017708 0.030556
0 0.212760 0.193519 0.017188 0.025926
6 0.394531 0.450000 0.014063 0.024074
1 0.572656 0.646759 0.015104 0.026852
1 0.503125 0.633796 0.015625 0.028704
1 0.495833 0.792130 0.015625 0.028704
0 0.303385 0.665278 0.016146 0.026852
8 0.331250 0.503704 0.014583 0.024074
1 0.706250 0.239352 0.011458 0.023148
9 0.173177 0.137500 0.025521 0.043519
9 0.765365 0.155093 0.025521 0.043519
9 0.782552 0.954167 0.025521 0.043519
9 0.132552 0.947685 0.025521 0.043519
2 0.303646 0.429167 0.035417 0.039815
5 0.379167 0.529167 0.010417 0.023148
