3 0.455990 0.558796 0.674479 0.839815
4 0.467448 0.552778 0.073438 0.133333
1 0.463802 0.323611 0.015104 0.026852
1 0.514062 0.206944 0.014583 0.026852
1 0.683073 0.496296 0.016146 0.027778
2 0.452865 0.599074 0.026562 0.057407
0 0.716146 0.453241 0.015625 0.026852
7 0.326042 0.370370 0.010417 0.016667
8 0.290365 0.440278 0.014063 0.026852
0 0.679948 0.424074 0.015104 0.025926
5 0.329427 0.496296 0.015104 0.031481
6 0.361719 0.428704 0.014063 0.024074
9 0.173177 0.137500 0.025521 0.043519
9 0.765365 0.155093 0.025521 0.043519
9 0.782552 0.954167 0.025521 0.043519
9 0.132552 0.947685 0.025521 0.043519
