3 0.452604 0.558333 0.676042 0.846296
4 0.565104 0.589815 0.067708 0.120370
0 0.158333 0.874074 0.017708 0.029630
0 0.514844 0.483796 0.015104 0.026852
0 0.645312 0.448148 0.015625 0.025926
0 0.582552 0.823148 0.016146 0.029630
1 0.336719 0.620370 0.017188 0.029630
1 0.257812 0.193056 0.016667 0.028704
2 0.570052 0.544907 0.025521 0.054630
1 0.488542 0.819907 0.016667 0.030556
0 0.329688 0.473611 0.015625 0.026852
7 0.478125 0.475926 0.012500 0.024074
0 0.422917 0.723611 0.015625 0.028704
5 0.425260 0.400000 0.011979 0.025926
6 0.430469 0.485648 0.011979 0.021296
8 0.472917 0.391667 0.012500 0.022222
9 0.173177 0.137500 0.025521 0.043519
9 0.765365 0.155093 0.025521 0.043519
9 0.782552 0.954167 0.025521 0.043519
9 0.132552 0.947685 0.025521 0.043519
