3 0.454167 0.566204 0.671875 0.841667
4 0.273958 0.423148 0.073958 0.124074
0 0.394531 0.287500 0.015104 0.026852
1 0.633333 0.264352 0.015625 0.026852
0 0.437500 0.278241 0.015625 0.026852
1 0.500000 0.423611 0.016667 0.028704
0 0.418490 0.437037 0.015104 0.025926
0 0.206510 0.767593 0.018229 0.029630
6 0.645573 0.477778 0.013021 0.024074
1 0.556510 0.700000 0.016146 0.029630
1 0.742188 0.831481 0.017708 0.033333
1 0.290625 0.177778 0.016667 0.027778
0 0.476302 0.693056 0.016146 0.028704
0 0.545312 0.625000 0.015625 0.027778
8 0.619531 0.368056 0.014063 0.023148
5 0.602083 0.443056 0.013542 0.025000
9 0.173177 0.137500 0.025521 0.043519
9 0.765365 0.155093 0.025521 0.043519
9 0.782552 0.954167 0.025521 0.043519
9 0.132552 0.947685 0.025521 0.043519
2 0.260937 0.460648 0.027083 0.041667
