3 0.453906 0.558796 0.674479 0.845370
1 0.744010 0.184722 0.016146 0.026852
1 0.600521 0.651852 0.016667 0.029630
4 0.418229 0.521296 0.059375 0.105556
7 0.519010 0.200000 0.014063 0.024074
1 0.442708 0.535648 0.014583 0.025000
1 0.585156 0.200926 0.015104 0.027778
1 0.492188 0.723148 0.015625 0.029630
6 0.498958 0.272685 0.013542 0.023148
5 0.455729 0.236111 0.016667 0.024074
9 0.173177 0.137500 0.025521 0.043519
9 0.765365 0.155093 0.025521 0.043519
9 0.782552 0.954167 0.025521 0.043519
9 0.132552 0.947685 0.025521 0.043519
2 0.392969 0.519444 0.023438 0.044444
0 0.417187 0.554167 0.011458 0.023148
0 0.586198 0.746759 0.014063 0.026852
0 0.580469 0.179167 0.015104 0.023148
