3 0.454688 0.555093 0.673958 0.839815
4 0.467448 0.551389 0.072396 0.128704
2 0.437760 0.493519 0.031771 0.044444
1 0.675000 0.238426 0.015625 0.026852
1 0.018750 0.204630 0.016667 0.025926
0 0.315365 0.404167 0.016146 0.026852
0 0.174740 0.778704 0.017188 0.027778
6 0.366667 0.646759 0.014583 0.025000
1 0.468229 0.764352 0.015625 0.028704
0 0.424479 0.918056 0.015625 0.030556
8 0.351042 0.773148 0.014583 0.027778
5 0.392969 0.717130 0.014063 0.025000
9 0.173177 0.137500 0.025521 0.043519
9 0.765365 0.155093 0.025521 0.043519
9 0.782552 0.954167 0.025521 0.043519
9 0.132552 0.947685 0.025521 0.043519
