3 0.455729 0.557407 0.672917 0.844444
4 0.420312 0.512500 0.059375 0.108333
0 0.687760 0.195370 0.015104 0.025926
1 0.332813 0.212500 0.015625 0.026852
1 0.613802 0.337963 0.015104 0.027778
0 0.195573 0.437037 0.017188 0.025926
0 0.585417 0.627778 0.016667 0.029630
1 0.705990 0.783333 0.017188 0.031481
6 0.355729 0.588889 0.014583 0.024074
1 0.696354 0.300926 0.015625 0.027778
1 0.378125 0.559722 0.014583 0.026852
0 0.639062 0.477778 0.016667 0.029630
0 0.201823 0.755093 0.016146 0.026852
8 0.357552 0.715278 0.015104 0.026852
5 0.392188 0.644444 0.015625 0.027778
0 0.393490 0.508333 0.023438 0.042593
9 0.173177 0.137500 0.025521 0.043519
9 0.765365 0.155093 0.025521 0.043519
9 0.782552 0.954167 0.025521 0.043519
9 0.132552 0.947685 0.025521 0.043519
