3 0.454427 0.561574 0.674479 0.845370
4 0.466927 0.556019 0.073438 0.126852
8 0.259896 0.653241 0.012500 0.023148
1 0.270833 0.277315 0.015625 0.026852
0 0.665104 0.646296 0.015625 0.027778
1 0.746094 0.248148 0.015104 0.025926
2 0.478125 0.509722 0.025000 0.056481
0 0.420052 0.198611 0.015104 0.026852
1 0.493229 0.204630 0.015625 0.027778
1 0.701823 0.506481 0.016146 0.029630
0 0.510156 0.665741 0.015104 0.027778
0 0.609115 0.726389 0.016146 0.030556
6 0.311198 0.560185 0.010937 0.022222
5 0.311719 0.646296 0.010937 0.020370
9 0.173177 0.137500 0.025521 0.043519
9 0.765365 0.155093 0.025521 0.043519
9 0.782552 0.954167 0.025521 0.043519
9 0.132552 0.947685 0.025521 0.043519
