3 0.453906 0.558796 0.673438 0.845370
4 0.317448 0.532407 0.071354 0.124074
0 0.400521 0.392593 0.015625 0.025926
6 0.639844 0.486574 0.014063 0.025000
0 0.267969 0.270370 0.016146 0.025926
1 0.556510 0.205556 0.015104 0.027778
0 0.228646 0.226389 0.015625 0.026852
1 0.760156 0.836574 0.017188 0.032407
1 0.363021 0.454167 0.016667 0.026852
0 0.566406 0.625926 0.015104 0.027778
8 0.646615 0.367593 0.014063 0.024074
1 0.532552 0.799537 0.017188 0.028704
0 0.445573 0.615278 0.015104 0.025000
2 0.340104 0.518519 0.023958 0.040741
9 0.173177 0.137500 0.025521 0.043519
9 0.765365 0.155093 0.025521 0.043519
9 0.782552 0.954167 0.025521 0.043519
9 0.132552 0.947685 0.025521 0.043519
5 0.610417 0.417593 0.010417 0.020370
