3 0.453646 0.554167 0.672917 0.836111
4 0.417969 0.525926 0.060937 0.118519
0 0.256771 0.338426 0.016667 0.026852
1 0.377865 0.559259 0.015104 0.027778
0 0.554948 0.796759 0.016146 0.030556
1 0.479427 0.590278 0.016146 0.028704
1 0.729167 0.668056 0.016667 0.028704
1 0.479167 0.904630 0.016667 0.031481
0 0.584896 0.738426 0.015625 0.028704
0 0.671354 0.781481 0.016667 0.029630
1 0.760417 0.869444 0.016667 0.029630
6 0.424740 0.622685 0.011979 0.021296
8 0.470313 0.715278 0.012500 0.023148
2 0.413542 0.563426 0.031250 0.045370
9 0.173177 0.137500 0.025521 0.043519
9 0.765365 0.155093 0.025521 0.043519
9 0.782552 0.954167 0.025521 0.043519
9 0.132552 0.947685 0.025521 0.043519
5 0.473698 0.625463 0.009896 0.019444
