3 0.455990 0.556019 0.671354 0.843519
4 0.467448 0.550000 0.073438 0.129630
6 0.541146 0.668981 0.014583 0.025000
2 0.498177 0.574537 0.027604 0.056481
1 0.598698 0.262500 0.015104 0.026852
1 0.744271 0.673148 0.017708 0.029630
1 0.730208 0.291667 0.013542 0.024074
0 0.656250 0.720370 0.015625 0.027778
1 0.427344 0.572685 0.014063 0.026852
0 0.501302 0.661111 0.015104 0.027778
7 0.576562 0.735648 0.014583 0.023148
0 0.592187 0.730556 0.012500 0.025926
9 0.173177 0.137500 0.025521 0.043519
9 0.765365 0.155093 0.025521 0.043519
9 0.782552 0.954167 0.025521 0.043519
9 0.132552 0.947685 0.025521 0.043519
5 0.576562 0.603704 0.010417 0.024074
