3 0.454948 0.558796 0.676562 0.845370
4 0.317188 0.532407 0.070833 0.125926
6 0.454688 0.468519 0.014583 0.024074
1 0.243750 0.542130 0.017708 0.028704
8 0.385937 0.480556 0.015625 0.025926
0 0.691927 0.720370 0.016146 0.029630
1 0.417969 0.349537 0.015104 0.028704
0 0.636719 0.430093 0.016146 0.026852
1 0.760677 0.838426 0.017188 0.030556
0 0.391927 0.318519 0.015104 0.027778
0 0.639844 0.788889 0.016146 0.029630
5 0.423438 0.537500 0.015625 0.032407
2 0.339583 0.518981 0.025000 0.041667
9 0.173177 0.137500 0.025521 0.043519
9 0.765365 0.155093 0.025521 0.043519
9 0.782552 0.954167 0.025521 0.043519
9 0.132552 0.947685 0.025521 0.043519
