3 0.455469 0.560185 0.672396 0.844444
4 0.422135 0.519907 0.073438 0.128704
0 0.300260 0.219907 0.016146 0.026852
2 0.530990 0.428704 0.031771 0.044444
8 0.222656 0.706481 0.010937 0.022222
0 0.452083 0.273148 0.014583 0.027778
1 0.668750 0.631944 0.016667 0.028704
1 0.567448 0.450000 0.016146 0.027778
0 0.430208 0.265741 0.014583 0.025926
1 0.246615 0.512037 0.017188 0.029630
1 0.438542 0.224074 0.014583 0.027778
0 0.734896 0.426389 0.015625 0.025000
1 0.411979 0.615741 0.015625 0.027778
0 0.491406 0.646296 0.015104 0.027778
6 0.273698 0.607870 0.011979 0.021296
9 0.173177 0.137500 0.025521 0.043519
9 0.765365 0.155093 0.025521 0.043519
9 0.782552 0.954167 0.025521 0.043519
9 0.132552 0.947685 0.025521 0.043519
5 0.275260 0.698611 0.009896 0.019444
