3 0.456510 0.565278 0.671354 0.843519
6 0.445573 0.465278 0.014063 0.025000
4 0.317969 0.428704 0.068229 0.125926
1 0.436458 0.330093 0.015625 0.026852
1 0.205729 0.629167 0.017708 0.028704
1 0.555208 0.628241 0.016667 0.028704
0 0.316667 0.528704 0.015625 0.025926
1 0.752865 0.782407 0.017188 0.031481
0 0.731250 0.420370 0.015625 0.025926
0 0.389583 0.380556 0.014583 0.022222
1 0.227604 0.746296 0.017708 0.031481
0 0.653906 0.906944 0.017188 0.032407
2 0.319010 0.470833 0.027604 0.056481
8 0.376823 0.450926 0.015104 0.025926
0 0.273438 0.544444 0.016667 0.025926
5 0.406771 0.518981 0.015625 0.030556
7 0.418750 0.395370 0.009375 0.016667
9 0.173177 0.137500 0.025521 0.043519
9 0.765365 0.155093 0.025521 0.043519
9 0.782552 0.954167 0.025521 0.043519
9 0.132552 0.947685 0.025521 0.043519
