3 0.454948 0.558333 0.675521 0.842593
4 0.422135 0.521759 0.073438 0.130556
0 0.269271 0.265741 0.015625 0.027778
0 0.430469 0.362037 0.015104 0.025926
1 0.175260 0.545833 0.018229 0.028704
0 0.592448 0.333796 0.015104 0.026852
1 0.701562 0.650000 0.016667 0.029630
2 0.435937 0.562963 0.025000 0.057407
6 0.346875 0.412500 0.012500 0.021296
0 0.365104 0.760185 0.014583 0.027778
7 0.338802 0.331019 0.013021 0.021296
0 0.726302 0.226389 0.015104 0.026852
9 0.173177 0.137500 0.025521 0.043519
9 0.765365 0.155093 0.025521 0.043519
9 0.782552 0.954167 0.025521 0.043519
9 0.132552 0.947685 0.025521 0.043519
1 0.748958 0.231944 0.014583 0.030556
5 0.298177 0.426852 0.010937 0.018519
