3 0.454427 0.564815 0.673438 0.844444
4 0.316667 0.426389 0.064583 0.115741
2 0.310677 0.375926 0.032813 0.046296
6 0.590104 0.561111 0.012500 0.024074
1 0.294271 0.662963 0.017708 0.029630
1 0.672656 0.408796 0.016146 0.026852
0 0.421094 0.179167 0.015104 0.026852
0 0.351302 0.431019 0.015104 0.025000
0 0.296875 0.325463 0.016667 0.026852
1 0.921875 0.745833 0.017708 0.028704
0 0.284635 0.483333 0.016146 0.025926
8 0.615625 0.448611 0.012500 0.023148
7 0.636198 0.536574 0.011979 0.015741
1 0.605208 0.573611 0.014583 0.023148
9 0.173177 0.137500 0.025521 0.043519
9 0.765365 0.155093 0.025521 0.043519
9 0.782552 0.954167 0.025521 0.043519
9 0.132552 0.947685 0.025521 0.043519
5 0.572396 0.480093 0.011458 0.021296
