3 0.452865 0.560648 0.672396 0.843519
4 0.335938 0.530093 0.071875 0.126852
6 0.476562 0.479167 0.013542 0.025000
1 0.557031 0.205093 0.015104 0.028704
1 0.475781 0.616667 0.015104 0.027778
1 0.302865 0.475926 0.015104 0.025926
1 0.760156 0.836574 0.017188 0.030556
1 0.512240 0.699074 0.016146 0.029630
8 0.408594 0.502778 0.015104 0.025926
7 0.434635 0.427315 0.007812 0.013889
5 0.449740 0.548148 0.014063 0.022222
9 0.173177 0.137500 0.025521 0.043519
9 0.765365 0.155093 0.025521 0.043519
9 0.782552 0.954167 0.025521 0.043519
9 0.132552 0.947685 0.025521 0.043519
0 0.249479 0.512037 0.015625 0.024074
0 0.202344 0.742593 0.017188 0.027778
0 0.267969 0.270833 0.015104 0.025000
0 0.514844 0.550000 0.015104 0.024074
0 0.525000 0.734259 0.014583 0.024074
0 0.366927 0.771296 0.013021 0.025926
