3 0.455469 0.565741 0.672396 0.840741
4 0.311458 0.439815 0.061458 0.107407
2 0.277344 0.442593 0.032813 0.050000
0 0.263802 0.263426 0.016146 0.026852
1 0.433854 0.330093 0.014583 0.025000
0 0.390885 0.359259 0.015104 0.025926
1 0.503646 0.246296 0.014583 0.025926
1 0.205469 0.629167 0.018229 0.028704
1 0.318490 0.751389 0.017188 0.030556
1 0.555208 0.629167 0.016667 0.028704
0 0.738281 0.423148 0.016146 0.025926
0 0.242969 0.655556 0.017188 0.027778
0 0.316927 0.528241 0.016146 0.026852
6 0.532813 0.816667 0.013542 0.024074
8 0.595313 0.881481 0.007292 0.011111
5 0.581771 0.796759 0.014583 0.026852
7 0.541146 0.909722 0.009375 0.021296
9 0.173177 0.137500 0.025521 0.043519
9 0.765365 0.155093 0.025521 0.043519
9 0.782552 0.954167 0.025521 0.043519
9 0.132552 0.947685 0.025521 0.043519
