3 0.453385 0.558333 0.678646 0.846296
0 0.872135 0.831019 0.017188 0.028704
0 0.742188 0.560648 0.016667 0.026852
0 0.747917 0.188426 0.014583 0.026852
0 0.390104 0.503704 0.014583 0.025926
0 0.237500 0.720370 0.017708 0.027778
1 0.720052 0.187963 0.015104 0.025926
1 0.175521 0.759259 0.018750 0.029630
1 0.981510 0.396759 0.017188 0.028704
1 0.378125 0.558333 0.015625 0.025926
1 0.158854 0.894444 0.017708 0.029630
0 0.711458 0.685648 0.016667 0.026852
1 0.751042 0.517130 0.015625 0.028704
8 0.257031 0.483333 0.014063 0.024074
5 0.305729 0.500000 0.012500 0.020370
6 0.318490 0.418981 0.013021 0.023148
4 0.411719 0.500463 0.065104 0.110185
2 0.432552 0.496296 0.023438 0.042593
9 0.173177 0.137500 0.025521 0.043519
9 0.765365 0.155093 0.025521 0.043519
9 0.782552 0.954167 0.025521 0.043519
9 0.132552 0.947685 0.025521 0.043519
