3 0.455469 0.559259 0.672396 0.846296
0 0.749479 0.573148 0.015625 0.025926
0 0.390104 0.503704 0.015625 0.025926
7 0.418750 0.202315 0.012500 0.021296
0 0.748698 0.188889 0.014063 0.025926
0 0.910156 0.849537 0.017188 0.028704
1 0.378125 0.559259 0.015625 0.025926
1 0.983594 0.382870 0.016146 0.026852
0 0.701302 0.669444 0.016146 0.027778
1 0.266927 0.478241 0.017188 0.026852
0 0.260937 0.727315 0.016667 0.028704
1 0.751302 0.516667 0.015104 0.027778
1 0.159115 0.894444 0.017188 0.029630
4 0.411719 0.500926 0.065104 0.111111
1 0.734375 0.193981 0.014583 0.026852
6 0.420312 0.283333 0.011458 0.020370
2 0.432812 0.496296 0.023958 0.042593
8 0.366146 0.200926 0.005208 0.014815
9 0.173177 0.137500 0.025521 0.043519
9 0.765365 0.155093 0.025521 0.043519
9 0.782552 0.954167 0.025521 0.043519
9 0.132552 0.947685 0.025521 0.043519
5 0.372396 0.285185 0.010417 0.016667
