3 0.455990 0.558333 0.671354 0.846296
0 0.687760 0.195370 0.015104 0.025926
4 0.408333 0.504630 0.059375 0.116667
1 0.363542 0.466204 0.015625 0.026852
1 0.603646 0.348148 0.014583 0.025926
1 0.332813 0.212500 0.015625 0.026852
0 0.245312 0.654167 0.015625 0.026852
0 0.286458 0.654167 0.016667 0.026852
0 0.252083 0.593056 0.016667 0.026852
1 0.377604 0.559259 0.014583 0.025926
0 0.341146 0.443519 0.015625 0.027778
1 0.267708 0.660648 0.015625 0.026852
8 0.269010 0.527315 0.013021 0.021296
0 0.390365 0.498611 0.015104 0.025000
6 0.323437 0.446296 0.011458 0.022222
5 0.318750 0.529630 0.011458 0.020370
0 0.406510 0.542130 0.022396 0.045370
9 0.173177 0.137500 0.025521 0.043519
9 0.765365 0.155093 0.025521 0.043519
9 0.782552 0.954167 0.025521 0.043519
9 0.132552 0.947685 0.025521 0.043519
