3 0.457031 0.564352 0.671354 0.843519
4 0.316146 0.424537 0.064583 0.117593
0 0.412500 0.262500 0.015625 0.026852
1 0.420833 0.430093 0.016667 0.028704
2 0.310677 0.374074 0.032813 0.046296
0 0.628125 0.845833 0.015625 0.030556
1 0.494792 0.756944 0.015625 0.030556
0 0.349219 0.431481 0.014063 0.025926
0 0.296875 0.325463 0.015625 0.026852
8 0.525000 0.901852 0.011458 0.024074
9 0.173177 0.137500 0.025521 0.043519
9 0.765365 0.155093 0.025521 0.043519
9 0.782552 0.954167 0.025521 0.043519
9 0.132552 0.947685 0.025521 0.043519
6 0.475260 0.806019 0.013021 0.019444
5 0.523698 0.806481 0.011979 0.018519
7 0.473958 0.899074 0.013542 0.025926
