3 0.453125 0.554630 0.672917 0.837037
4 0.548698 0.574074 0.058854 0.111111
0 0.635156 0.181019 0.015104 0.026852
1 0.218750 0.808333 0.017708 0.031481
0 0.372917 0.177315 0.015625 0.026852
0 0.380469 0.799537 0.016146 0.030556
0 0.608073 0.563889 0.016146 0.025926
2 0.574479 0.575000 0.023958 0.042593
1 0.373177 0.763426 0.015104 0.026852
1 0.334896 0.806944 0.016667 0.030556
8 0.421094 0.704630 0.015104 0.025926
6 0.359375 0.650000 0.014583 0.022222
7 0.374219 0.732407 0.014063 0.022222
9 0.173177 0.137500 0.025521 0.043519
9 0.765365 0.155093 0.025521 0.043519
9 0.782552 0.954167 0.025521 0.043519
9 0.132552 0.947685 0.025521 0.043519
5 0.405469 0.618519 0.009896 0.020370
