3 0.454167 0.565278 0.670833 0.841667
4 0.272396 0.423148 0.073958 0.125926
0 0.541927 0.239815 0.015104 0.027778
0 0.575260 0.275926 0.015104 0.027778
0 0.403906 0.418056 0.015104 0.026852
0 0.409115 0.180556 0.015104 0.027778
2 0.296354 0.447222 0.029167 0.057407
1 0.171875 0.750463 0.017708 0.030556
1 0.741927 0.831481 0.017188 0.031481
6 0.656250 0.512500 0.013542 0.025000
0 0.593750 0.738426 0.016667 0.030556
1 0.289062 0.180556 0.015625 0.027778
1 0.429948 0.777778 0.017188 0.029630
8 0.669792 0.394907 0.014583 0.025000
0 0.258333 0.403241 0.015625 0.025000
9 0.173177 0.137500 0.025521 0.043519
9 0.765365 0.155093 0.025521 0.043519
9 0.782552 0.954167 0.025521 0.043519
9 0.132552 0.947685 0.025521 0.043519
5 0.630208 0.438889 0.012500 0.024074
