3 0.455990 0.563889 0.671354 0.842593
4 0.321354 0.384259 0.073958 0.125926
1 0.195052 0.187037 0.016146 0.027778
0 0.762240 0.844907 0.017188 0.028704
0 0.280990 0.326389 0.016146 0.026852
1 0.258333 0.742130 0.018750 0.030556
1 0.565104 0.715278 0.016667 0.030556
1 0.507031 0.917593 0.017188 0.035185
7 0.645312 0.493519 0.012500 0.022222
0 0.445573 0.681019 0.015104 0.028704
2 0.302344 0.425000 0.034896 0.051852
6 0.597656 0.503704 0.011979 0.022222
2 0.722656 0.196759 0.015104 0.028704
9 0.173177 0.137500 0.025521 0.043519
9 0.765365 0.155093 0.025521 0.043519
9 0.782552 0.954167 0.025521 0.043519
9 0.132552 0.947685 0.025521 0.043519
5 0.591927 0.417593 0.011979 0.020370
