3 0.455729 0.562963 0.668750 0.842593
4 0.317448 0.426389 0.068229 0.121296
0 0.418490 0.183796 0.015104 0.026852
0 0.426302 0.337500 0.015104 0.025000
1 0.537760 0.487963 0.016146 0.027778
0 0.296615 0.325463 0.016146 0.026852
2 0.327865 0.480093 0.025521 0.056481
1 0.783333 0.550926 0.014583 0.027778
1 0.672656 0.408796 0.016146 0.026852
6 0.440885 0.794444 0.014063 0.025926
1 0.340104 0.748148 0.016667 0.029630
0 0.284896 0.483796 0.016667 0.026852
8 0.467187 0.920833 0.010417 0.026852
9 0.173177 0.137500 0.025521 0.043519
9 0.765365 0.155093 0.025521 0.043519
9 0.782552 0.954167 0.025521 0.043519
9 0.132552 0.947685 0.025521 0.043519
5 0.487240 0.832870 0.011979 0.023148
