3 0.455208 0.564815 0.673958 0.844444
4 0.311979 0.439815 0.060417 0.109259
1 0.205469 0.629167 0.018229 0.028704
0 0.753906 0.513426 0.016146 0.026852
1 0.747396 0.455093 0.015625 0.026852
1 0.399740 0.281019 0.015104 0.026852
0 0.748958 0.375463 0.015625 0.025000
2 0.281771 0.435185 0.030208 0.053704
0 0.671875 0.491204 0.015625 0.026852
0 0.683594 0.781481 0.016146 0.029630
8 0.620573 0.344444 0.015104 0.024074
7 0.586458 0.401852 0.016667 0.027778
9 0.173177 0.137500 0.025521 0.043519
9 0.765365 0.155093 0.025521 0.043519
9 0.782552 0.954167 0.025521 0.043519
9 0.132552 0.947685 0.025521 0.043519
5 0.587240 0.402315 0.013021 0.023148
