3 0.455208 0.559259 0.672917 0.844444
4 0.573438 0.573611 0.067708 0.123148
0 0.488021 0.196759 0.014583 0.026852
1 0.529687 0.500000 0.015625 0.027778
2 0.609115 0.617130 0.025521 0.043519
0 0.509635 0.846759 0.015104 0.030556
6 0.278385 0.459259 0.014063 0.024074
0 0.604688 0.520370 0.014583 0.025926
0 0.649740 0.763889 0.017188 0.029630
0 0.635156 0.468981 0.015104 0.026852
1 0.177865 0.747685 0.018229 0.030556
1 0.297917 0.580556 0.016667 0.025926
1 0.752865 0.550000 0.016146 0.031481
0 0.583594 0.526852 0.015104 0.025926
1 0.741146 0.182407 0.015625 0.025926
7 0.236458 0.417130 0.011458 0.017593
8 0.207031 0.497685 0.010937 0.019444
8 0.212760 0.498148 0.007812 0.018519
5 0.252865 0.533333 0.014063 0.024074
8 0.209635 0.498148 0.013021 0.018519
9 0.173177 0.137500 0.025521 0.043519
9 0.765365 0.155093 0.025521 0.043519
9 0.782552 0.954167 0.025521 0.043519
9 0.132552 0.947685 0.025521 0.043519
