3 0.455208 0.557870 0.668750 0.849074
4 0.563021 0.554167 0.066667 0.121296
0 0.373177 0.176852 0.015104 0.025926
0 0.635156 0.180556 0.015104 0.027778
0 0.608073 0.564352 0.016146 0.026852
7 0.386198 0.215741 0.014063 0.024074
0 0.635417 0.467130 0.015625 0.025000
6 0.370833 0.292593 0.013542 0.024074
1 0.281510 0.614352 0.017188 0.026852
1 0.357812 0.719444 0.015625 0.027778
1 0.389844 0.724537 0.015104 0.028704
8 0.345833 0.185648 0.006250 0.012037
2 0.557031 0.594907 0.028646 0.043519
5 0.324219 0.265741 0.014063 0.024074
9 0.173177 0.137500 0.025521 0.043519
9 0.765365 0.155093 0.025521 0.043519
9 0.782552 0.954167 0.025521 0.043519
9 0.132552 0.947685 0.025521 0.043519
