3 0.455729 0.560648 0.672917 0.843519
1 0.332813 0.212500 0.015625 0.026852
4 0.408854 0.504630 0.059375 0.116667
0 0.687760 0.195370 0.015104 0.025926
1 0.363802 0.466204 0.015104 0.026852
1 0.603385 0.347685 0.015104 0.026852
1 0.706510 0.783333 0.017188 0.031481
0 0.195833 0.437037 0.017708 0.027778
0 0.346875 0.441204 0.015625 0.026852
1 0.377604 0.559259 0.014583 0.025926
7 0.495833 0.215278 0.013542 0.025000
0 0.211198 0.768519 0.018229 0.029630
6 0.476562 0.288889 0.013542 0.024074
5 0.432292 0.255556 0.016667 0.025926
0 0.390104 0.498611 0.015625 0.025000
2 0.400781 0.542130 0.034896 0.045370
2 0.405469 0.542130 0.024479 0.045370
0 0.406250 0.542593 0.023958 0.044444
9 0.173177 0.137500 0.025521 0.043519
9 0.765365 0.155093 0.025521 0.043519
9 0.782552 0.954167 0.025521 0.043519
9 0.132552 0.947685 0.025521 0.043519
