3 0.455990 0.564815 0.672396 0.844444
4 0.272396 0.423611 0.073958 0.126852
2 0.296094 0.447685 0.029687 0.056481
0 0.543229 0.242593 0.014583 0.025926
6 0.659896 0.520370 0.013542 0.024074
1 0.181510 0.785185 0.018229 0.031481
0 0.407292 0.181481 0.015625 0.025926
0 0.394271 0.409722 0.015625 0.026852
1 0.289062 0.180556 0.015625 0.027778
0 0.752604 0.454167 0.016667 0.026852
0 0.575000 0.308796 0.015625 0.026852
1 0.741927 0.831481 0.017188 0.031481
1 0.614323 0.756944 0.016146 0.028704
0 0.258333 0.403241 0.015625 0.025000
8 0.673177 0.402778 0.014063 0.025926
9 0.173177 0.137500 0.025521 0.043519
9 0.765365 0.155093 0.025521 0.043519
9 0.782552 0.954167 0.025521 0.043519
9 0.132552 0.947685 0.025521 0.043519
5 0.634375 0.447222 0.011458 0.022222
