3 0.430469 0.506481 0.655729 0.868519
0 0.203906 0.336574 0.017188 0.026852
1 0.151562 0.234259 0.017708 0.027778
0 0.137760 0.130556 0.017188 0.027778
1 0.279687 0.542130 0.016667 0.034259
0 0.436719 0.542593 0.015104 0.027778
1 0.414844 0.468519 0.016146 0.027778
8 0.417969 0.279630 0.013021 0.022222
1 0.410938 0.592593 0.014583 0.027778
0 0.161719 0.108796 0.017188 0.028704
7 0.342187 0.250926 0.012500 0.022222
6 0.353646 0.151852 0.012500 0.022222
0 0.620573 0.670833 0.018229 0.026852
4 0.402865 0.555093 0.071354 0.119444
1 0.728646 0.337037 0.016667 0.027778
1 0.729948 0.685648 0.016146 0.028704
0 0.662500 0.870370 0.017708 0.029630
5 0.432031 0.182870 0.008854 0.019444
0 0.374479 0.583333 0.014583 0.025926
0 0.421875 0.542593 0.013542 0.027778
9 0.109375 0.917593 0.033333 0.059259
9 0.111979 0.077778 0.033333 0.059259
9 0.746354 0.079630 0.033333 0.059259
9 0.753646 0.912963 0.033333 0.059259