3 0.429688 0.506944 0.657292 0.871296
0 0.137760 0.130556 0.017188 0.027778
1 0.151302 0.234259 0.018229 0.027778
0 0.203646 0.336574 0.016667 0.026852
1 0.426823 0.476389 0.015104 0.026852
0 0.657552 0.481944 0.016146 0.026852
8 0.418229 0.279630 0.013542 0.022222
0 0.161719 0.108796 0.017188 0.028704
0 0.436719 0.541667 0.015104 0.027778
6 0.353646 0.151852 0.012500 0.022222
7 0.342448 0.250463 0.013021 0.023148
1 0.410938 0.592130 0.014583 0.026852
4 0.402604 0.555093 0.071875 0.117593
1 0.352865 0.573148 0.016146 0.027778
1 0.728646 0.336574 0.016667 0.028704
5 0.432031 0.182407 0.008854 0.020370
0 0.375260 0.585185 0.014063 0.025926
1 0.730208 0.686111 0.016667 0.027778
0 0.720313 0.740741 0.015625 0.027778
9 0.109375 0.917593 0.033333 0.059259
9 0.111979 0.077778 0.033333 0.059259
9 0.746354 0.079630 0.033333 0.059259
9 0.753646 0.912963 0.033333 0.059259