3 0.429688 0.504630 0.653125 0.870370
4 0.460677 0.544444 0.075521 0.133333
0 0.131771 0.598148 0.016667 0.029630
6 0.287500 0.673148 0.013542 0.024074
0 0.728385 0.197222 0.016146 0.029630
0 0.638281 0.692130 0.016146 0.026852
1 0.595313 0.213426 0.016667 0.028704
0 0.205990 0.134259 0.017188 0.029630
0 0.273438 0.580556 0.017708 0.025926
1 0.524479 0.518981 0.015625 0.026852
0 0.470573 0.514352 0.015104 0.026852
8 0.379688 0.725000 0.012500 0.024074
7 0.305208 0.769907 0.013542 0.023148
1 0.730729 0.773148 0.016667 0.029630
1 0.438021 0.503241 0.015625 0.026852
1 0.452604 0.570370 0.014583 0.027778
0 0.377344 0.641667 0.014063 0.025926
7 0.361719 0.628241 0.013021 0.023148
0 0.443750 0.525926 0.013542 0.024074
9 0.109375 0.917593 0.033333 0.059259
9 0.111979 0.077778 0.033333 0.059259
9 0.746354 0.079630 0.033333 0.059259
9 0.753646 0.912963 0.033333 0.059259