3 0.428906 0.503704 0.651563 0.866667
4 0.413021 0.528241 0.071875 0.128704
1 0.153385 0.112500 0.018229 0.030556
0 0.351042 0.239352 0.016667 0.028704
0 0.167969 0.372685 0.018229 0.028704
0 0.476823 0.474537 0.014063 0.026852
0 0.241406 0.706944 0.018229 0.028704
0 0.131510 0.596759 0.017188 0.030556
0 0.344271 0.271759 0.016667 0.028704
1 0.547396 0.629630 0.014583 0.027778
6 0.510417 0.518056 0.011458 0.021296
1 0.372917 0.854630 0.017708 0.029630
1 0.391146 0.518981 0.014583 0.026852
0 0.134375 0.858796 0.018750 0.030556
8 0.559635 0.374074 0.009896 0.018519
7 0.566406 0.511574 0.010937 0.019444
0 0.431771 0.537963 0.015625 0.027778
1 0.420833 0.496296 0.014583 0.025926
0 0.406250 0.557407 0.014583 0.027778
5 0.503646 0.383796 0.010417 0.019444
9 0.109375 0.917593 0.033333 0.059259
9 0.111979 0.077778 0.033333 0.059259
9 0.746354 0.079630 0.033333 0.059259
9 0.753646 0.912963 0.033333 0.059259