3 0.428906 0.502315 0.652604 0.856481
4 0.519010 0.708333 0.061979 0.116667
7 0.408854 0.262963 0.013542 0.025926
0 0.635677 0.689815 0.016146 0.027778
0 0.385937 0.537963 0.016667 0.027778
0 0.728906 0.194907 0.016146 0.030556
1 0.558333 0.637500 0.015625 0.026852
8 0.474740 0.333796 0.014063 0.023148
0 0.131250 0.596759 0.017708 0.030556
0 0.512500 0.866204 0.015625 0.028704
0 0.305729 0.289815 0.017708 0.029630
0 0.397656 0.837963 0.016146 0.027778
0 0.439323 0.487037 0.016146 0.027778
1 0.559635 0.129167 0.016146 0.030556
1 0.373177 0.257870 0.016146 0.028704
6 0.437500 0.176389 0.013542 0.023148
1 0.730729 0.773611 0.016667 0.030556
1 0.524479 0.663426 0.015625 0.028704
0 0.521094 0.744444 0.014063 0.027778
5 0.507292 0.249537 0.008333 0.017593
1 0.508594 0.762037 0.015104 0.027778
9 0.109375 0.917593 0.033333 0.059259
9 0.111979 0.077778 0.033333 0.059259
9 0.746354 0.079630 0.033333 0.059259
9 0.753646 0.912963 0.033333 0.059259