3 0.431771 0.506019 0.654167 0.867593
4 0.478906 0.675463 0.076563 0.136111
0 0.459635 0.640741 0.014063 0.025926
0 0.137760 0.130556 0.017188 0.027778
1 0.151562 0.234259 0.017708 0.027778
0 0.161458 0.108796 0.016667 0.028704
8 0.418229 0.279630 0.013542 0.022222
0 0.680208 0.525463 0.016667 0.026852
6 0.353646 0.151852 0.012500 0.022222
1 0.485417 0.618056 0.015625 0.026852
7 0.342187 0.250926 0.012500 0.022222
0 0.365625 0.632407 0.016667 0.025926
1 0.732552 0.811111 0.016146 0.029630
1 0.192969 0.132870 0.017188 0.028704
5 0.431771 0.182407 0.009375 0.020370
1 0.728906 0.337037 0.017188 0.029630
0 0.516927 0.635185 0.015104 0.025926
1 0.469010 0.702315 0.015104 0.026852
0 0.494271 0.688889 0.014583 0.027778
0 0.508854 0.684722 0.014583 0.026852
0 0.733333 0.781944 0.016667 0.030556
9 0.109375 0.917593 0.033333 0.059259
9 0.111979 0.077778 0.033333 0.059259
9 0.746354 0.079630 0.033333 0.059259
9 0.753646 0.912963 0.033333 0.059259