3 0.428125 0.500463 0.655208 0.856481
4 0.474219 0.399537 0.068229 0.121296
5 0.366927 0.698611 0.014063 0.025000
0 0.403646 0.509722 0.015625 0.026852
0 0.458333 0.350926 0.015625 0.025926
0 0.507552 0.321296 0.016146 0.027778
0 0.712760 0.349074 0.017188 0.027778
1 0.798438 0.424074 0.017708 0.027778
0 0.693750 0.740741 0.016667 0.027778
1 0.626823 0.256019 0.017188 0.028704
0 0.389062 0.419907 0.015625 0.028704
1 0.319010 0.111574 0.017188 0.030556
7 0.377344 0.529167 0.015104 0.025000
6 0.419792 0.595370 0.013542 0.024074
1 0.466146 0.477778 0.014583 0.024074
1 0.495052 0.391667 0.015104 0.025926
0 0.308854 0.615741 0.015625 0.027778
8 0.323958 0.633333 0.012500 0.022222
1 0.480208 0.468056 0.014583 0.026852
0 0.470052 0.366667 0.014063 0.025926
9 0.109375 0.917593 0.033333 0.059259
9 0.111979 0.077778 0.033333 0.059259
9 0.746354 0.079630 0.033333 0.059259
9 0.753646 0.912963 0.033333 0.059259