3 0.430208 0.508796 0.655208 0.871296
4 0.482552 0.524537 0.060937 0.110185
0 0.135417 0.141204 0.015625 0.026852
7 0.432031 0.614352 0.013021 0.021296
5 0.357031 0.724074 0.011979 0.022222
1 0.130208 0.856019 0.016667 0.026852
0 0.147917 0.113426 0.015625 0.028704
1 0.616146 0.190278 0.016667 0.028704
1 0.727865 0.136111 0.016146 0.029630
1 0.480990 0.487963 0.015104 0.025926
0 0.348177 0.508796 0.016146 0.026852
8 0.354687 0.623148 0.010417 0.020370
0 0.584896 0.191667 0.015625 0.029630
1 0.542969 0.623148 0.015104 0.027778
6 0.435156 0.715741 0.011979 0.022222
1 0.717969 0.882407 0.016146 0.027778
0 0.135417 0.881944 0.017708 0.028704
0 0.132552 0.113426 0.014063 0.028704
0 0.463542 0.523611 0.016667 0.026852
9 0.109375 0.917593 0.033333 0.059259
9 0.111979 0.077778 0.033333 0.059259
9 0.746354 0.079630 0.033333 0.059259
9 0.753646 0.912963 0.033333 0.059259