3 0.426563 0.502315 0.655208 0.863889
0 0.728646 0.168981 0.015625 0.028704
0 0.298438 0.166204 0.016667 0.030556
0 0.441146 0.138889 0.015625 0.029630
0 0.679688 0.203241 0.015625 0.028704
7 0.538021 0.338426 0.011458 0.021296
0 0.131250 0.596759 0.017708 0.030556
6 0.529948 0.436574 0.011979 0.021296
1 0.475000 0.498611 0.015625 0.028704
1 0.360677 0.563889 0.016146 0.027778
5 0.454688 0.415278 0.012500 0.021296
1 0.319010 0.111111 0.017188 0.029630
0 0.706771 0.556481 0.016667 0.027778
1 0.547396 0.629630 0.014583 0.025926
8 0.462240 0.316667 0.010937 0.018519
0 0.585677 0.742130 0.015104 0.026852
1 0.728906 0.442593 0.016146 0.027778
0 0.382552 0.633333 0.015104 0.027778
4 0.371875 0.601852 0.075000 0.133333
0 0.390365 0.581019 0.015104 0.026852
1 0.354427 0.618981 0.015104 0.028704
9 0.109375 0.917593 0.033333 0.059259
9 0.111979 0.077778 0.033333 0.059259
9 0.746354 0.079630 0.033333 0.059259
9 0.753646 0.912963 0.033333 0.059259