3 0.429688 0.504167 0.654167 0.867593
4 0.460677 0.544444 0.075521 0.133333
0 0.131771 0.598148 0.016667 0.029630
6 0.287500 0.673148 0.013542 0.024074
1 0.672656 0.470833 0.018229 0.026852
0 0.281771 0.578241 0.016667 0.026852
0 0.638021 0.691667 0.016667 0.027778
0 0.204948 0.135648 0.017188 0.028704
0 0.728125 0.197685 0.015625 0.028704
1 0.524219 0.518981 0.016146 0.026852
7 0.305469 0.769907 0.013021 0.023148
8 0.379688 0.725000 0.012500 0.024074
1 0.452604 0.570370 0.014583 0.027778
0 0.470313 0.513889 0.014583 0.025926
1 0.730729 0.772685 0.016667 0.030556
1 0.437760 0.503241 0.015104 0.026852
0 0.377344 0.642130 0.014063 0.026852
0 0.443229 0.525926 0.013542 0.024074
9 0.109375 0.917593 0.033333 0.059259
9 0.111979 0.077778 0.033333 0.059259
9 0.746354 0.079630 0.033333 0.059259
9 0.753646 0.912963 0.033333 0.059259