3 0.430729 0.500926 0.653125 0.861111
4 0.474219 0.399537 0.068229 0.119444
5 0.366927 0.698148 0.014063 0.024074
0 0.458333 0.350926 0.015625 0.025926
0 0.507031 0.320370 0.016146 0.027778
0 0.396094 0.397685 0.016146 0.026852
0 0.257812 0.440278 0.018750 0.028704
1 0.319010 0.111111 0.017188 0.031481
1 0.466146 0.478241 0.014583 0.025000
0 0.134115 0.754167 0.019271 0.030556
6 0.419792 0.595833 0.013542 0.023148
7 0.377604 0.528704 0.014583 0.024074
1 0.416667 0.490741 0.014583 0.024074
1 0.495052 0.391667 0.015104 0.025926
8 0.324219 0.633333 0.013021 0.022222
0 0.408854 0.514815 0.015625 0.024074
0 0.309115 0.615741 0.016146 0.027778
1 0.480208 0.468056 0.014583 0.026852
0 0.470052 0.365741 0.014063 0.025926
9 0.109375 0.917593 0.033333 0.059259
9 0.111979 0.077778 0.033333 0.059259
9 0.746354 0.079630 0.033333 0.059259
9 0.753646 0.912963 0.033333 0.059259