3 0.430990 0.503241 0.651563 0.862037
5 0.348958 0.691204 0.013542 0.025000
4 0.464844 0.444907 0.060937 0.112037
0 0.467969 0.404630 0.015104 0.024074
0 0.149740 0.113426 0.016146 0.028704
0 0.143229 0.158333 0.017708 0.029630
6 0.293229 0.593519 0.013542 0.024074
1 0.478385 0.375000 0.016146 0.027778
0 0.133333 0.119444 0.015625 0.027778
1 0.626823 0.256019 0.017188 0.028704
0 0.499740 0.348148 0.017188 0.027778
1 0.429948 0.453704 0.016146 0.027778
1 0.510938 0.443519 0.015625 0.027778
0 0.728385 0.719444 0.017188 0.031481
1 0.227604 0.125463 0.017708 0.030556
0 0.442188 0.435648 0.014583 0.023148
1 0.726042 0.443056 0.017708 0.028704
7 0.250260 0.670370 0.011979 0.020370
0 0.462240 0.481019 0.014063 0.028704
9 0.109375 0.917593 0.033333 0.059259
9 0.111979 0.077778 0.033333 0.059259
9 0.746354 0.079630 0.033333 0.059259
9 0.753646 0.912963 0.033333 0.059259