3 0.432292 0.507407 0.651042 0.877778
0 0.148438 0.322222 0.017708 0.027778
0 0.689844 0.184722 0.016146 0.028704
7 0.430729 0.439815 0.011458 0.022222
0 0.700521 0.400463 0.015625 0.026852
1 0.132031 0.882870 0.015104 0.026852
0 0.353906 0.577315 0.016146 0.026852
1 0.156771 0.857870 0.017708 0.028704
1 0.667969 0.687963 0.017188 0.027778
1 0.728906 0.337037 0.017188 0.027778
1 0.495312 0.456019 0.014583 0.026852
0 0.527604 0.448611 0.014583 0.026852
6 0.421875 0.538426 0.012500 0.023148
5 0.345313 0.517130 0.011458 0.021296
1 0.505469 0.518056 0.014063 0.026852
8 0.353385 0.418981 0.009896 0.019444
0 0.478646 0.508333 0.015625 0.027778
0 0.132552 0.853704 0.016146 0.029630
0 0.518229 0.478241 0.015625 0.025000
4 0.500521 0.495370 0.068750 0.103704
9 0.109375 0.917593 0.033333 0.059259
9 0.111979 0.077778 0.033333 0.059259
9 0.746354 0.079630 0.033333 0.059259
9 0.753646 0.912963 0.033333 0.059259