4 0.477865 0.662963 0.075521 0.138889
3 0.428906 0.504630 0.659896 0.862963
0 0.409115 0.325000 0.016146 0.027778
0 0.522396 0.637963 0.015625 0.027778
7 0.407031 0.400000 0.014063 0.024074
8 0.349219 0.305556 0.013021 0.020370
1 0.453646 0.606481 0.014583 0.027778
1 0.165885 0.645833 0.018229 0.032407
0 0.152083 0.112037 0.016667 0.029630
1 0.130469 0.856019 0.016146 0.026852
5 0.311458 0.379630 0.013542 0.024074
1 0.295573 0.413426 0.016146 0.026852
1 0.121094 0.487500 0.010937 0.026852
0 0.134115 0.141667 0.016146 0.027778
0 0.134375 0.882407 0.017708 0.027778
6 0.368229 0.472685 0.014583 0.025000
1 0.489844 0.689815 0.013021 0.025926
0 0.147135 0.855093 0.016146 0.030556
0 0.134115 0.116204 0.015104 0.026852
0 0.463281 0.682407 0.014063 0.027778
9 0.109375 0.917593 0.033333 0.059259
9 0.111979 0.077778 0.033333 0.059259
9 0.746354 0.079630 0.033333 0.059259
9 0.753646 0.912963 0.033333 0.059259