3 0.430990 0.502315 0.654687 0.860185
0 0.464062 0.406944 0.014583 0.026852
5 0.348958 0.690278 0.013542 0.025000
0 0.149740 0.113426 0.016146 0.028704
4 0.464583 0.444907 0.062500 0.112037
0 0.133333 0.119444 0.015625 0.027778
6 0.293229 0.593519 0.013542 0.024074
1 0.456771 0.382407 0.015625 0.025926
0 0.523177 0.319444 0.016146 0.027778
1 0.429948 0.454167 0.016146 0.028704
1 0.626563 0.256019 0.016667 0.028704
1 0.728125 0.149074 0.016667 0.029630
0 0.700521 0.743519 0.016667 0.027778
0 0.442188 0.435185 0.014583 0.024074
1 0.510938 0.443519 0.015625 0.027778
0 0.149479 0.158333 0.017708 0.029630
1 0.283073 0.125926 0.017188 0.031481
7 0.250260 0.670370 0.011979 0.020370
0 0.462240 0.481019 0.014063 0.028704
0 0.147917 0.116204 0.019792 0.030556
9 0.109375 0.917593 0.033333 0.059259
9 0.111979 0.077778 0.033333 0.059259
9 0.746354 0.079630 0.033333 0.059259
9 0.753646 0.912963 0.033333 0.059259