3 0.430208 0.493519 0.654167 0.870370
4 0.474219 0.399537 0.068229 0.121296
5 0.366667 0.698611 0.014583 0.025000
0 0.509375 0.328704 0.015625 0.027778
0 0.317188 0.574074 0.016667 0.027778
0 0.712760 0.349074 0.017188 0.027778
0 0.377344 0.485648 0.016146 0.026852
1 0.798698 0.424074 0.018229 0.027778
0 0.347917 0.282407 0.016667 0.029630
1 0.626563 0.256019 0.016667 0.028704
0 0.458594 0.350926 0.016146 0.025926
0 0.693750 0.740741 0.016667 0.027778
6 0.419792 0.596296 0.013542 0.024074
1 0.319010 0.110648 0.017188 0.030556
1 0.466146 0.478704 0.014583 0.024074
7 0.377604 0.529167 0.015625 0.025000
1 0.495052 0.391204 0.015104 0.026852
0 0.307812 0.613889 0.015625 0.027778
1 0.480208 0.468519 0.014583 0.027778
8 0.323958 0.632870 0.012500 0.021296
0 0.470052 0.366667 0.014063 0.025926
9 0.109375 0.917593 0.033333 0.059259
9 0.111979 0.077778 0.033333 0.059259
9 0.746354 0.079630 0.033333 0.059259
9 0.753646 0.912963 0.033333 0.059259