3 0.428385 0.506019 0.655729 0.873148
0 0.725000 0.159259 0.016667 0.029630
0 0.546875 0.671296 0.015625 0.025926
0 0.128906 0.634722 0.017188 0.030556
0 0.441146 0.138426 0.015625 0.028704
8 0.275521 0.641204 0.013542 0.023148
1 0.547396 0.630093 0.014583 0.026852
1 0.319010 0.111111 0.017188 0.029630
0 0.203646 0.857870 0.015625 0.028704
1 0.304427 0.680556 0.016146 0.027778
7 0.242969 0.770370 0.013021 0.024074
6 0.190365 0.728704 0.013021 0.022222
0 0.334115 0.764352 0.015104 0.028704
1 0.346094 0.626852 0.014063 0.027778
1 0.728906 0.442130 0.017188 0.028704
0 0.343229 0.525463 0.015625 0.026852
0 0.344792 0.562037 0.015625 0.025926
5 0.223438 0.600000 0.012500 0.020370
1 0.372396 0.605556 0.015625 0.027778
2 0.377083 0.558333 0.016667 0.027778
0 0.377083 0.558333 0.016667 0.027778
9 0.109375 0.917593 0.033333 0.059259
9 0.111979 0.077778 0.033333 0.059259
9 0.746354 0.079630 0.033333 0.059259
9 0.753646 0.912963 0.033333 0.059259