3 0.430208 0.503704 0.653125 0.872222
4 0.417448 0.552778 0.067187 0.120370
1 0.151302 0.234722 0.018229 0.028704
1 0.486979 0.316204 0.015625 0.026852
0 0.137760 0.131019 0.017188 0.028704
0 0.203906 0.336574 0.017188 0.026852
0 0.328906 0.598148 0.016146 0.025926
0 0.385677 0.794907 0.016146 0.026852
1 0.412240 0.497685 0.015104 0.026852
0 0.161719 0.108333 0.017188 0.029630
7 0.547656 0.555556 0.011979 0.022222
1 0.728906 0.337500 0.017188 0.028704
6 0.492448 0.537500 0.011979 0.023148
0 0.460677 0.580556 0.014063 0.027778
1 0.730208 0.686111 0.016667 0.029630
0 0.396354 0.538426 0.014583 0.026852
0 0.387760 0.834722 0.016146 0.026852
0 0.447656 0.591667 0.014063 0.027778
8 0.560937 0.420370 0.010417 0.020370
5 0.506250 0.404167 0.011458 0.019444
1 0.413542 0.585185 0.013542 0.027778
9 0.109375 0.917593 0.033333 0.059259
9 0.111979 0.077778 0.033333 0.059259
9 0.746354 0.079630 0.033333 0.059259
9 0.753646 0.912963 0.033333 0.059259