3 0.428906 0.502315 0.654687 0.867593
0 0.725000 0.159259 0.016667 0.029630
0 0.546875 0.671759 0.015625 0.026852
0 0.211979 0.862500 0.016667 0.028704
1 0.547396 0.630093 0.014583 0.026852
0 0.441146 0.138426 0.015625 0.028704
8 0.275521 0.641204 0.013542 0.023148
1 0.304427 0.680556 0.017188 0.027778
0 0.334115 0.764352 0.016146 0.028704
1 0.319010 0.111111 0.017188 0.029630
7 0.242969 0.770370 0.013021 0.024074
6 0.190625 0.728704 0.012500 0.022222
0 0.304948 0.818981 0.018229 0.030556
1 0.346094 0.626852 0.014063 0.027778
0 0.345052 0.561574 0.015104 0.025000
1 0.728906 0.442593 0.017188 0.029630
0 0.343229 0.525926 0.015625 0.027778
1 0.372396 0.605556 0.015625 0.027778
5 0.223177 0.600463 0.011979 0.019444
0 0.377083 0.558333 0.016667 0.027778
9 0.109375 0.917593 0.033333 0.059259
9 0.111979 0.077778 0.033333 0.059259
9 0.746354 0.079630 0.033333 0.059259
9 0.753646 0.912963 0.033333 0.059259