3 0.428906 0.505093 0.655729 0.871296
0 0.191146 0.186111 0.018750 0.029630
0 0.686979 0.189815 0.017708 0.027778
8 0.275521 0.641204 0.013542 0.023148
1 0.548177 0.634722 0.015104 0.026852
1 0.319010 0.111111 0.017188 0.029630
0 0.554688 0.693981 0.015625 0.026852
1 0.304427 0.680556 0.016146 0.027778
6 0.190365 0.728704 0.013021 0.022222
0 0.334635 0.764352 0.015104 0.028704
7 0.242969 0.770370 0.013021 0.024074
0 0.211979 0.862500 0.016667 0.028704
0 0.344792 0.561574 0.015625 0.025000
1 0.346094 0.626852 0.014063 0.027778
1 0.729167 0.442593 0.016667 0.027778
0 0.343490 0.525463 0.015104 0.026852
1 0.372396 0.605556 0.015625 0.027778
5 0.223438 0.600000 0.012500 0.020370
0 0.377083 0.557870 0.016667 0.028704
9 0.109375 0.917593 0.033333 0.059259
9 0.111979 0.077778 0.033333 0.059259
9 0.746354 0.079630 0.033333 0.059259
9 0.753646 0.912963 0.033333 0.059259