3 0.430729 0.509259 0.653125 0.872222
0 0.164323 0.344907 0.018229 0.026852
0 0.146875 0.374537 0.017708 0.030556
1 0.582812 0.475000 0.015625 0.027778
7 0.475000 0.303704 0.013542 0.024074
8 0.518229 0.188889 0.012500 0.024074
6 0.428906 0.248611 0.013021 0.025000
0 0.142448 0.873611 0.018229 0.028704
1 0.169531 0.566204 0.018229 0.028704
0 0.451823 0.803241 0.016146 0.026852
4 0.455729 0.548148 0.059375 0.111111
0 0.634375 0.235648 0.016667 0.030556
0 0.606771 0.251389 0.016667 0.030556
1 0.435417 0.541667 0.014583 0.027778
1 0.728906 0.336574 0.017188 0.028704
1 0.474740 0.542593 0.015104 0.025926
1 0.726302 0.787037 0.017188 0.029630
5 0.471354 0.134259 0.014583 0.025926
0 0.454167 0.589815 0.014583 0.027778
0 0.445052 0.493519 0.015104 0.024074
0 0.456510 0.510185 0.014063 0.025926
9 0.109375 0.917593 0.033333 0.059259
9 0.111979 0.077778 0.033333 0.059259
9 0.746354 0.079630 0.033333 0.059259
9 0.753646 0.912963 0.033333 0.059259