4 0.478125 0.663426 0.075000 0.137963
0 0.412500 0.332870 0.016667 0.028704
0 0.523958 0.639815 0.015625 0.027778
7 0.407031 0.400000 0.014063 0.025926
3 0.431250 0.508333 0.656250 0.868519
8 0.349219 0.306019 0.011979 0.019444
1 0.678125 0.264352 0.016667 0.028704
1 0.453646 0.606944 0.014583 0.026852
1 0.295833 0.413426 0.016667 0.026852
0 0.151823 0.112037 0.016146 0.029630
1 0.130469 0.856019 0.016146 0.026852
1 0.078906 0.308796 0.018229 0.028704
0 0.134375 0.882407 0.016667 0.027778
5 0.311458 0.380093 0.013542 0.023148
0 0.133854 0.142130 0.016667 0.028704
1 0.490104 0.689815 0.013542 0.025926
6 0.368229 0.472685 0.014583 0.025000
0 0.147135 0.855093 0.016146 0.030556
0 0.134115 0.115741 0.015104 0.027778
0 0.463281 0.682407 0.014063 0.027778
9 0.109375 0.917593 0.033333 0.059259
9 0.111979 0.077778 0.033333 0.059259
9 0.746354 0.079630 0.033333 0.059259
9 0.753646 0.912963 0.033333 0.059259