3 0.431510 0.507407 0.651563 0.875926
0 0.631510 0.237963 0.016146 0.029630
0 0.163802 0.345833 0.018229 0.026852
7 0.430729 0.439815 0.011458 0.022222
1 0.132031 0.883333 0.015104 0.025926
1 0.156250 0.857870 0.017708 0.028704
1 0.499740 0.560648 0.016146 0.028704
0 0.353906 0.577778 0.016146 0.025926
0 0.606250 0.253704 0.016667 0.029630
1 0.495052 0.456019 0.015104 0.025000
5 0.345573 0.518056 0.011979 0.021296
0 0.527604 0.448611 0.014583 0.026852
1 0.728906 0.337037 0.017188 0.027778
6 0.421875 0.538889 0.012500 0.022222
1 0.505469 0.518056 0.014063 0.026852
8 0.353385 0.418519 0.009896 0.018519
0 0.518229 0.478241 0.015625 0.025000
0 0.132552 0.853704 0.016146 0.029630
0 0.478646 0.508333 0.015625 0.027778
9 0.109375 0.917593 0.033333 0.059259
9 0.111979 0.077778 0.033333 0.059259
9 0.746354 0.079630 0.033333 0.059259
9 0.753646 0.912963 0.033333 0.059259