3 0.427604 0.504167 0.655208 0.860185
4 0.519792 0.706944 0.061458 0.117593
7 0.408594 0.262963 0.014063 0.025926
0 0.653906 0.626389 0.016146 0.026852
1 0.240365 0.362500 0.018229 0.028704
1 0.580990 0.636111 0.015104 0.027778
0 0.552604 0.394907 0.015625 0.026852
0 0.131510 0.596296 0.017188 0.029630
8 0.474740 0.333796 0.014063 0.023148
0 0.572135 0.300926 0.018229 0.031481
0 0.412240 0.678704 0.016146 0.027778
0 0.449740 0.810185 0.016146 0.027778
0 0.305729 0.290741 0.017708 0.029630
1 0.559635 0.129630 0.016146 0.029630
6 0.437500 0.176389 0.013542 0.023148
1 0.627344 0.809259 0.018229 0.029630
1 0.730469 0.774074 0.016146 0.029630
0 0.640625 0.879630 0.017708 0.029630
1 0.524479 0.663426 0.015625 0.028704
5 0.507292 0.249074 0.008333 0.018519
9 0.109375 0.917593 0.033333 0.059259
9 0.111979 0.077778 0.033333 0.059259
9 0.746354 0.079630 0.033333 0.059259
9 0.753646 0.912963 0.033333 0.059259