3 0.430208 0.504630 0.655208 0.864815
5 0.357031 0.724074 0.011979 0.022222
0 0.135417 0.141204 0.015625 0.026852
7 0.431771 0.614352 0.012500 0.021296
0 0.147917 0.113426 0.015625 0.028704
1 0.130208 0.856019 0.016667 0.026852
0 0.584896 0.191204 0.015625 0.028704
0 0.439323 0.372685 0.015104 0.028704
1 0.727604 0.136111 0.016667 0.029630
1 0.603646 0.670370 0.016667 0.027778
8 0.354167 0.623148 0.010417 0.020370
0 0.575781 0.768519 0.016146 0.027778
6 0.435156 0.715741 0.011979 0.022222
0 0.414844 0.319907 0.015104 0.025000
1 0.717969 0.882870 0.016146 0.028704
1 0.442188 0.325463 0.014583 0.025000
0 0.135417 0.881944 0.017708 0.028704
1 0.414062 0.365741 0.014583 0.025926
0 0.132031 0.112963 0.014063 0.027778
9 0.109375 0.917593 0.033333 0.059259
9 0.111979 0.077778 0.033333 0.059259
9 0.746354 0.079630 0.033333 0.059259
9 0.753646 0.912963 0.033333 0.059259