3 0.429688 0.506481 0.656250 0.866667
4 0.330990 0.698611 0.075521 0.132407
0 0.181250 0.159722 0.016667 0.028704
0 0.135156 0.371296 0.017188 0.027778
0 0.728646 0.225463 0.016667 0.028704
5 0.388542 0.328704 0.012500 0.024074
0 0.191146 0.119444 0.016667 0.027778
1 0.613021 0.367130 0.016667 0.028704
0 0.725260 0.115278 0.016146 0.028704
1 0.361979 0.589815 0.016667 0.027778
0 0.337760 0.581019 0.016146 0.026852
7 0.475521 0.260648 0.012500 0.021296
0 0.277083 0.750926 0.016667 0.027778
6 0.463542 0.359722 0.012500 0.023148
0 0.140365 0.873148 0.017188 0.027778
1 0.732292 0.798148 0.016667 0.029630
1 0.717448 0.173611 0.017188 0.039815
1 0.728906 0.337037 0.017188 0.027778
1 0.313281 0.684722 0.015104 0.026852
8 0.398958 0.231019 0.009375 0.021296
9 0.109375 0.917593 0.033333 0.059259
9 0.111979 0.077778 0.033333 0.059259
9 0.746354 0.079630 0.033333 0.059259
9 0.753646 0.912963 0.033333 0.059259