3 0.428385 0.502778 0.654687 0.857407
4 0.519531 0.707870 0.061979 0.115741
7 0.408594 0.262963 0.014063 0.025926
0 0.667188 0.116204 0.016667 0.030556
0 0.636979 0.689352 0.016667 0.028704
1 0.559896 0.641667 0.015625 0.025926
0 0.131250 0.596296 0.017708 0.031481
8 0.474740 0.333796 0.014063 0.023148
0 0.604948 0.769907 0.016146 0.028704
0 0.305729 0.290278 0.017708 0.028704
0 0.489583 0.536574 0.015625 0.026852
1 0.402604 0.139815 0.016667 0.029630
1 0.559896 0.129167 0.016667 0.030556
0 0.416146 0.867593 0.015625 0.027778
6 0.437500 0.176389 0.013542 0.023148
1 0.730729 0.773611 0.016667 0.028704
0 0.399740 0.556944 0.016146 0.026852
1 0.551823 0.799537 0.016146 0.028704
1 0.524479 0.663426 0.015625 0.028704
5 0.507292 0.249074 0.008333 0.018519
0 0.521354 0.745370 0.014583 0.029630
9 0.109375 0.917593 0.033333 0.059259
9 0.111979 0.077778 0.033333 0.059259
9 0.746354 0.079630 0.033333 0.059259
9 0.753646 0.912963 0.033333 0.059259