3 0.425521 0.503704 0.659375 0.870370
0 0.728906 0.173148 0.016146 0.029630
0 0.383594 0.284259 0.016146 0.027778
0 0.441146 0.138889 0.015625 0.027778
0 0.575781 0.206944 0.015104 0.028704
0 0.728646 0.561111 0.016667 0.027778
6 0.529948 0.436574 0.011979 0.021296
7 0.538281 0.337963 0.011979 0.020370
0 0.131250 0.596759 0.017708 0.030556
1 0.473958 0.513889 0.015625 0.027778
1 0.360677 0.563889 0.016146 0.027778
1 0.319271 0.111111 0.016667 0.029630
1 0.547396 0.629630 0.013542 0.025926
5 0.454948 0.415278 0.011979 0.021296
8 0.461979 0.316204 0.010417 0.019444
1 0.729167 0.442593 0.016667 0.029630
0 0.622396 0.611111 0.015625 0.025926
0 0.382552 0.633333 0.015104 0.027778
4 0.372656 0.600463 0.073438 0.130556
0 0.390365 0.580556 0.015104 0.027778
1 0.354687 0.618519 0.014583 0.027778
9 0.109375 0.917593 0.033333 0.059259
9 0.111979 0.077778 0.033333 0.059259
9 0.746354 0.079630 0.033333 0.059259
9 0.753646 0.912963 0.033333 0.059259