3 0.428385 0.502315 0.653646 0.862037
4 0.413281 0.528241 0.071354 0.128704
0 0.452083 0.437037 0.015625 0.027778
0 0.474740 0.474074 0.015104 0.027778
0 0.131510 0.596296 0.017188 0.029630
0 0.304427 0.283333 0.017188 0.027778
1 0.537240 0.140741 0.016146 0.029630
1 0.633073 0.379630 0.016146 0.027778
0 0.202865 0.635185 0.018229 0.027778
1 0.391146 0.518981 0.014583 0.026852
6 0.510417 0.518056 0.011458 0.021296
1 0.547396 0.629167 0.014583 0.026852
7 0.566667 0.511111 0.011458 0.020370
8 0.559635 0.374074 0.010937 0.018519
0 0.560677 0.787963 0.015104 0.027778
5 0.503906 0.383796 0.010937 0.019444
0 0.406250 0.557407 0.014583 0.027778
1 0.420833 0.496296 0.014583 0.025926
0 0.601562 0.878704 0.015625 0.027778
0 0.431771 0.537963 0.015625 0.027778
9 0.109375 0.917593 0.033333 0.059259
9 0.111979 0.077778 0.033333 0.059259
9 0.746354 0.079630 0.033333 0.059259
9 0.753646 0.912963 0.033333 0.059259