0 0.138021 0.131481 0.017708 0.027778
0 0.161979 0.110185 0.017708 0.027778
1 0.152083 0.235648 0.018750 0.030556
1 0.730208 0.687500 0.016667 0.028704
9 0.109375 0.917593 0.033333 0.059259
9 0.111979 0.077778 0.033333 0.059259
9 0.746354 0.079630 0.033333 0.059259
9 0.753646 0.912963 0.033333 0.059259
0 0.204167 0.337963 0.017708 0.025926
0 0.423177 0.537500 0.010937 0.021296
0 0.439063 0.535185 0.010417 0.022222
0 0.382552 0.560185 0.010937 0.018519
0 0.375781 0.584722 0.013021 0.023148
0 0.423958 0.793519 0.014583 0.027778
0 0.456250 0.877778 0.016667 0.029630
1 0.522917 0.287963 0.015625 0.027778
1 0.729167 0.337500 0.012500 0.023148
6 0.354687 0.151852 0.011458 0.022222
8 0.418750 0.280556 0.011458 0.016667
7 0.342708 0.249074 0.011458 0.018519
1 0.398438 0.521759 0.013542 0.025000
1 0.411198 0.592130 0.015104 0.023148
4 0.402865 0.557870 0.071354 0.123148
