9 0.109375 0.917593 0.033333 0.059259
9 0.111979 0.077778 0.033333 0.059259
9 0.746354 0.079630 0.033333 0.059259
9 0.753646 0.912963 0.033333 0.059259
0 0.147656 0.323611 0.016146 0.028704
0 0.353906 0.578241 0.015104 0.028704
0 0.132292 0.852315 0.014583 0.026852
0 0.146094 0.877315 0.011979 0.025000
1 0.157552 0.856944 0.015104 0.026852
1 0.133073 0.882870 0.013021 0.025000
1 0.505208 0.517593 0.012500 0.022222
1 0.496094 0.456019 0.010937 0.021296
1 0.728646 0.336111 0.014583 0.024074
1 0.667969 0.687500 0.015104 0.030556
0 0.700521 0.400000 0.015625 0.024074
0 0.689583 0.184259 0.016667 0.027778
0 0.527865 0.446296 0.011979 0.027778
0 0.518750 0.478704 0.012500 0.024074
0 0.478906 0.506019 0.010937 0.023148
7 0.431771 0.439352 0.009375 0.019444
8 0.353646 0.417593 0.010417 0.018519
5 0.345313 0.515278 0.011458 0.023148
6 0.422396 0.540278 0.011458 0.023148
4 0.499740 0.489352 0.070312 0.117593
