0 0.138021 0.131481 0.017708 0.027778
0 0.161979 0.110185 0.017708 0.027778
1 0.152083 0.235648 0.018750 0.030556
9 0.109375 0.917593 0.033333 0.059259
9 0.111979 0.077778 0.033333 0.059259
9 0.746354 0.079630 0.033333 0.059259
9 0.753646 0.912963 0.033333 0.059259
0 0.388542 0.553704 0.013542 0.029630
0 0.459115 0.641667 0.014063 0.029630
0 0.518229 0.635185 0.013542 0.027778
0 0.494271 0.688426 0.015625 0.025000
0 0.511458 0.683796 0.013542 0.025000
0 0.680469 0.525926 0.014063 0.025926
0 0.732552 0.780556 0.014063 0.029630
1 0.732812 0.812037 0.015625 0.027778
1 0.197656 0.443981 0.016146 0.028704
1 0.728646 0.336111 0.015625 0.033333
1 0.485677 0.625463 0.013021 0.028704
1 0.469271 0.704167 0.014583 0.028704
4 0.478385 0.676389 0.078646 0.137963
6 0.354427 0.150463 0.013021 0.023148
7 0.342187 0.249537 0.012500 0.023148
8 0.418229 0.280556 0.010417 0.022222
