3 0.426823 0.500926 0.656771 0.859259
8 0.400000 0.335185 0.012500 0.022222
0 0.615885 0.720370 0.016146 0.027778
0 0.696875 0.120370 0.016667 0.029630
0 0.200781 0.136111 0.017188 0.027778
0 0.726302 0.331944 0.016146 0.028704
1 0.559896 0.216667 0.016667 0.029630
1 0.525260 0.519444 0.016146 0.025926
0 0.527083 0.784722 0.015625 0.026852
0 0.123958 0.480556 0.016667 0.027778
7 0.322396 0.346296 0.012500 0.020370
6 0.317708 0.244444 0.011458 0.020370
0 0.701823 0.758333 0.016146 0.027778
1 0.421615 0.615741 0.015104 0.025926
1 0.728906 0.770833 0.016146 0.028704
1 0.410156 0.661574 0.016146 0.026852
0 0.444792 0.667593 0.014583 0.025926
1 0.462760 0.624074 0.015104 0.025926
9 0.109375 0.917593 0.033333 0.059259
9 0.111979 0.077778 0.033333 0.059259
9 0.746354 0.079630 0.033333 0.059259
9 0.753646 0.912963 0.033333 0.059259