0 0.138021 0.131481 0.017708 0.027778
0 0.161979 0.110185 0.017708 0.027778
1 0.152083 0.235648 0.018750 0.030556
9 0.109375 0.917593 0.033333 0.059259
9 0.111979 0.077778 0.033333 0.059259
9 0.746354 0.079630 0.033333 0.059259
9 0.753646 0.912963 0.033333 0.059259
1 0.193229 0.133333 0.018750 0.031481
1 0.485677 0.619907 0.016146 0.028704
1 0.467708 0.701852 0.011458 0.022222
1 0.733073 0.812037 0.015104 0.027778
1 0.728646 0.337963 0.016667 0.029630
0 0.681250 0.526389 0.015625 0.030556
0 0.516406 0.632407 0.013021 0.020370
0 0.509635 0.682870 0.015104 0.025000
0 0.494531 0.687037 0.013021 0.024074
0 0.460417 0.640741 0.014583 0.027778
0 0.364583 0.629167 0.012500 0.023148
0 0.732812 0.780093 0.013542 0.025000
4 0.478385 0.675000 0.074479 0.135185
6 0.353646 0.150463 0.014583 0.023148
7 0.342448 0.249074 0.010937 0.022222
8 0.418750 0.279630 0.011458 0.022222
