3 0.432292 0.507870 0.652083 0.878704
0 0.607031 0.228241 0.016146 0.028704
0 0.646615 0.149074 0.016146 0.029630
7 0.430729 0.439815 0.011458 0.022222
1 0.132031 0.883333 0.015104 0.025926
1 0.156250 0.857870 0.017708 0.028704
0 0.160156 0.350926 0.018229 0.025926
0 0.353906 0.577315 0.016146 0.026852
1 0.479687 0.655093 0.015625 0.028704
1 0.495312 0.456019 0.014583 0.025000
1 0.728906 0.337037 0.017188 0.027778
0 0.527604 0.448611 0.014583 0.026852
6 0.421875 0.538889 0.012500 0.022222
5 0.345313 0.517593 0.011458 0.020370
1 0.505469 0.517593 0.014063 0.027778
8 0.353125 0.418519 0.009375 0.018519
0 0.518229 0.478241 0.015625 0.025000
0 0.132552 0.853704 0.016146 0.029630
0 0.478906 0.508333 0.015104 0.027778
9 0.109375 0.917593 0.033333 0.059259
9 0.111979 0.077778 0.033333 0.059259
9 0.746354 0.079630 0.033333 0.059259
9 0.753646 0.912963 0.033333 0.059259