3 0.430729 0.501389 0.653125 0.860185
4 0.474219 0.399537 0.068229 0.121296
0 0.409115 0.517593 0.015104 0.025926
0 0.458333 0.350926 0.015625 0.025926
5 0.367188 0.698611 0.013542 0.023148
0 0.507031 0.320370 0.016146 0.027778
0 0.396094 0.398148 0.016146 0.027778
1 0.319010 0.111574 0.017188 0.030556
1 0.466146 0.477778 0.014583 0.024074
6 0.419792 0.595370 0.013542 0.024074
1 0.549740 0.606481 0.015104 0.027778
7 0.377604 0.528704 0.014583 0.024074
1 0.330208 0.793056 0.016667 0.030556
1 0.495052 0.391667 0.015104 0.025926
0 0.211979 0.862500 0.017708 0.028704
1 0.480208 0.468519 0.014583 0.027778
0 0.326562 0.547222 0.014583 0.025926
0 0.470052 0.366204 0.014063 0.025000
0 0.313542 0.624537 0.014583 0.028704
9 0.109375 0.917593 0.033333 0.059259
9 0.111979 0.077778 0.033333 0.059259
9 0.746354 0.079630 0.033333 0.059259
9 0.753646 0.912963 0.033333 0.059259