3 0.429167 0.512037 0.653125 0.875926
0 0.532813 0.543519 0.015625 0.025926
1 0.532031 0.517130 0.015104 0.026852
0 0.184375 0.147222 0.016667 0.027778
4 0.455990 0.547222 0.059896 0.112963
8 0.518229 0.189352 0.012500 0.023148
0 0.163802 0.345833 0.018229 0.026852
7 0.475000 0.303704 0.013542 0.024074
1 0.198958 0.114815 0.017708 0.029630
6 0.428906 0.249074 0.013021 0.024074
0 0.606771 0.251389 0.016667 0.030556
0 0.140625 0.872685 0.017708 0.028704
0 0.634896 0.235648 0.016667 0.030556
1 0.732292 0.798148 0.016667 0.031481
1 0.435417 0.541667 0.014583 0.027778
1 0.728906 0.337037 0.017188 0.029630
5 0.471094 0.133796 0.014063 0.025000
1 0.474740 0.542593 0.015104 0.025926
0 0.454167 0.590278 0.014583 0.028704
0 0.445312 0.493519 0.014583 0.024074
0 0.456510 0.509259 0.014063 0.025926
9 0.109375 0.917593 0.033333 0.059259
9 0.111979 0.077778 0.033333 0.059259
9 0.746354 0.079630 0.033333 0.059259
9 0.753646 0.912963 0.033333 0.059259