3 0.428906 0.512037 0.653646 0.875926
0 0.181510 0.159722 0.017188 0.028704
0 0.163802 0.345833 0.018229 0.026852
8 0.518229 0.189352 0.012500 0.023148
0 0.544792 0.536574 0.014583 0.026852
7 0.475000 0.303704 0.013542 0.024074
1 0.519792 0.543056 0.014583 0.028704
6 0.428385 0.249074 0.013021 0.024074
1 0.575260 0.386574 0.016146 0.028704
0 0.634635 0.235648 0.016146 0.030556
4 0.456250 0.548148 0.059375 0.111111
0 0.140365 0.872685 0.017188 0.028704
0 0.606510 0.251852 0.016146 0.031481
5 0.471094 0.133796 0.015104 0.025000
1 0.732031 0.798148 0.016146 0.029630
1 0.435417 0.541667 0.014583 0.027778
1 0.728906 0.336574 0.017188 0.028704
1 0.474740 0.542593 0.015104 0.025926
0 0.454167 0.589815 0.014583 0.027778
0 0.445312 0.493056 0.014583 0.025000
0 0.456510 0.510185 0.014063 0.025926
9 0.109375 0.917593 0.033333 0.059259
9 0.111979 0.077778 0.033333 0.059259
9 0.746354 0.079630 0.033333 0.059259
9 0.753646 0.912963 0.033333 0.059259