3 0.429688 0.502315 0.657292 0.865741
4 0.509115 0.691204 0.074479 0.132407
0 0.135156 0.371759 0.017188 0.028704
8 0.409375 0.481944 0.012500 0.021296
0 0.174219 0.211574 0.017188 0.026852
0 0.432292 0.506019 0.015625 0.026852
0 0.502604 0.618056 0.014583 0.026852
0 0.226562 0.114815 0.016667 0.029630
7 0.336719 0.531944 0.013021 0.021296
6 0.315885 0.439815 0.013021 0.024074
1 0.519271 0.718056 0.013542 0.025000
0 0.133594 0.873148 0.017188 0.029630
1 0.500260 0.658796 0.015104 0.026852
0 0.575000 0.114352 0.015625 0.028704
1 0.728385 0.137963 0.016146 0.029630
1 0.728906 0.247222 0.016146 0.027778
1 0.130729 0.578704 0.017708 0.031481
1 0.388802 0.599074 0.015104 0.027778
5 0.388021 0.387500 0.012500 0.019444
0 0.732812 0.873148 0.016667 0.029630
0 0.513281 0.743519 0.014063 0.025926
9 0.109375 0.917593 0.033333 0.059259
9 0.111979 0.077778 0.033333 0.059259
9 0.746354 0.079630 0.033333 0.059259
9 0.753646 0.912963 0.033333 0.059259