0 0.138021 0.131481 0.017708 0.027778
0 0.161979 0.110185 0.017708 0.027778
0 0.328906 0.598611 0.017188 0.028704
0 0.385677 0.794907 0.017188 0.028704
0 0.388021 0.835648 0.016667 0.028704
1 0.152083 0.235648 0.018750 0.030556
1 0.487500 0.317130 0.015625 0.028704
1 0.730208 0.687500 0.016667 0.028704
9 0.109375 0.917593 0.033333 0.059259
9 0.111979 0.077778 0.033333 0.059259
9 0.746354 0.079630 0.033333 0.059259
9 0.753646 0.912963 0.033333 0.059259
0 0.203646 0.338889 0.014583 0.029630
0 0.460938 0.580093 0.013542 0.028704
0 0.395313 0.538426 0.014583 0.026852
1 0.412500 0.498611 0.013542 0.030556
0 0.446354 0.590278 0.012500 0.025000
1 0.414062 0.586574 0.012500 0.023148
1 0.729167 0.337500 0.015625 0.026852
5 0.505990 0.403241 0.008854 0.019444
8 0.561719 0.418981 0.006771 0.013889
6 0.493490 0.536111 0.010937 0.024074
7 0.548438 0.556019 0.010417 0.019444
4 0.416927 0.558796 0.069271 0.123148
