3 0.428646 0.501389 0.653125 0.862037
4 0.413281 0.528241 0.071354 0.128704
0 0.453125 0.425463 0.015625 0.026852
0 0.475781 0.478241 0.015104 0.026852
0 0.131250 0.596296 0.017708 0.029630
0 0.209635 0.640278 0.017188 0.026852
0 0.305729 0.289815 0.017708 0.027778
1 0.485417 0.169444 0.015625 0.029630
1 0.391146 0.518981 0.014583 0.026852
1 0.547396 0.629167 0.014583 0.026852
6 0.510417 0.518056 0.011458 0.021296
1 0.559635 0.129630 0.016146 0.029630
0 0.535417 0.768519 0.014583 0.027778
7 0.566406 0.511574 0.010937 0.019444
8 0.559635 0.374074 0.010937 0.018519
1 0.420833 0.496296 0.014583 0.025926
0 0.431771 0.537963 0.015625 0.027778
5 0.503906 0.383796 0.010937 0.019444
0 0.406250 0.556481 0.013542 0.027778
9 0.109375 0.917593 0.033333 0.059259
9 0.111979 0.077778 0.033333 0.059259
9 0.746354 0.079630 0.033333 0.059259
9 0.753646 0.912963 0.033333 0.059259