3 0.432292 0.505093 0.653125 0.865741
0 0.459635 0.641204 0.014063 0.026852
0 0.137760 0.131019 0.017188 0.028704
1 0.151562 0.234722 0.017708 0.028704
0 0.680208 0.525463 0.016667 0.026852
4 0.478906 0.675000 0.075521 0.137037
8 0.418229 0.279630 0.013542 0.022222
6 0.353646 0.151852 0.012500 0.022222
7 0.342448 0.250926 0.013021 0.022222
1 0.485677 0.618056 0.015104 0.026852
0 0.161198 0.108796 0.017188 0.028704
5 0.432031 0.182407 0.008854 0.020370
1 0.190104 0.112963 0.016667 0.029630
1 0.732812 0.811111 0.016667 0.029630
0 0.439323 0.777778 0.015104 0.027778
1 0.728906 0.337037 0.017188 0.029630
0 0.516667 0.635185 0.014583 0.025926
1 0.469010 0.702315 0.015104 0.026852
0 0.494271 0.689352 0.014583 0.026852
0 0.508854 0.684259 0.014583 0.025926
9 0.109375 0.917593 0.033333 0.059259
9 0.111979 0.077778 0.033333 0.059259
9 0.746354 0.079630 0.033333 0.059259
9 0.753646 0.912963 0.033333 0.059259