3 0.429427 0.512037 0.652604 0.875926
0 0.163802 0.345833 0.018229 0.026852
0 0.181250 0.159722 0.017708 0.028704
0 0.544792 0.536574 0.014583 0.026852
4 0.456250 0.547685 0.059375 0.112037
8 0.518229 0.189352 0.012500 0.023148
1 0.414062 0.362500 0.016667 0.028704
1 0.519531 0.543519 0.015104 0.027778
7 0.475000 0.303704 0.013542 0.024074
6 0.428646 0.249074 0.012500 0.024074
5 0.471094 0.134259 0.014063 0.024074
1 0.732031 0.798148 0.016146 0.031481
0 0.634375 0.236111 0.016667 0.031481
0 0.140365 0.872685 0.017188 0.028704
0 0.606510 0.251852 0.016146 0.031481
1 0.728906 0.337037 0.017188 0.029630
1 0.435417 0.541667 0.014583 0.027778
1 0.474740 0.542593 0.015104 0.025926
0 0.454167 0.590278 0.014583 0.028704
0 0.445312 0.493519 0.014583 0.024074
0 0.456510 0.509722 0.014063 0.026852
9 0.109375 0.917593 0.033333 0.059259
9 0.111979 0.077778 0.033333 0.059259
9 0.746354 0.079630 0.033333 0.059259
9 0.753646 0.912963 0.033333 0.059259