3 0.430729 0.506944 0.653125 0.867593
5 0.357031 0.724074 0.011979 0.022222
0 0.135417 0.141204 0.015625 0.026852
4 0.483073 0.524074 0.061979 0.111111
7 0.431771 0.613889 0.013542 0.022222
1 0.130469 0.856481 0.017188 0.027778
0 0.148177 0.113426 0.016146 0.028704
1 0.727865 0.136111 0.016146 0.029630
8 0.354427 0.623148 0.010937 0.020370
0 0.356771 0.527315 0.016667 0.026852
0 0.584896 0.192130 0.015625 0.028704
6 0.435156 0.715741 0.011979 0.022222
0 0.135417 0.881944 0.017708 0.028704
1 0.717969 0.882407 0.016146 0.027778
1 0.529687 0.515741 0.014583 0.027778
1 0.480990 0.487963 0.015104 0.025926
0 0.463542 0.524074 0.016667 0.027778
0 0.132031 0.112963 0.014063 0.027778
1 0.514323 0.512037 0.014063 0.027778
0 0.500521 0.519907 0.015625 0.023148
9 0.109375 0.917593 0.033333 0.059259
9 0.111979 0.077778 0.033333 0.059259
9 0.746354 0.079630 0.033333 0.059259
9 0.753646 0.912963 0.033333 0.059259