0 0.138021 0.131481 0.017708 0.027778
0 0.161979 0.110185 0.017708 0.027778
1 0.152083 0.235648 0.018750 0.030556
1 0.730208 0.687500 0.016667 0.028704
9 0.109375 0.917593 0.033333 0.059259
9 0.111979 0.077778 0.033333 0.059259
9 0.746354 0.079630 0.033333 0.059259
9 0.753646 0.912963 0.033333 0.059259
0 0.203385 0.336111 0.014063 0.025926
0 0.383333 0.563889 0.012500 0.022222
0 0.421875 0.543519 0.012500 0.024074
0 0.436979 0.540741 0.011458 0.024074
0 0.620052 0.671296 0.017188 0.029630
0 0.662760 0.869907 0.016146 0.026852
0 0.375000 0.584259 0.012500 0.025926
1 0.279687 0.541667 0.018750 0.035185
1 0.414844 0.468056 0.013021 0.025000
1 0.410677 0.591204 0.011979 0.025000
1 0.728906 0.340278 0.015104 0.030556
6 0.353385 0.153241 0.010937 0.019444
7 0.341146 0.249537 0.012500 0.019444
8 0.417187 0.279167 0.011458 0.019444
4 0.403125 0.557870 0.077083 0.123148
