0 0.138021 0.131481 0.017708 0.027778
0 0.161979 0.110185 0.017708 0.027778
1 0.152083 0.235648 0.018750 0.030556
1 0.427083 0.480093 0.015625 0.028704
1 0.730208 0.687500 0.016667 0.028704
9 0.109375 0.917593 0.033333 0.059259
9 0.111979 0.077778 0.033333 0.059259
9 0.746354 0.079630 0.033333 0.059259
9 0.754167 0.915741 0.033333 0.059259
0 0.203906 0.337500 0.018229 0.028704
0 0.383073 0.562037 0.013021 0.024074
0 0.422135 0.542130 0.008854 0.025000
0 0.438021 0.540741 0.012500 0.024074
0 0.657552 0.481019 0.015104 0.028704
0 0.719531 0.739815 0.013021 0.027778
0 0.375260 0.581481 0.011979 0.025926
1 0.351562 0.571759 0.012500 0.025000
1 0.412240 0.593056 0.017188 0.028704
1 0.728385 0.337500 0.016146 0.026852
4 0.401562 0.557407 0.073958 0.124074
6 0.354167 0.151852 0.013542 0.024074
7 0.342969 0.250000 0.010937 0.018519
8 0.418490 0.280093 0.010937 0.021296
