3 0.430208 0.506944 0.655208 0.867593
5 0.467448 0.316204 0.014063 0.023148
1 0.130208 0.856019 0.016667 0.026852
1 0.459635 0.805556 0.017188 0.027778
0 0.492969 0.378241 0.015104 0.026852
0 0.584635 0.192130 0.015104 0.030556
0 0.204948 0.152315 0.017188 0.028704
7 0.510417 0.164815 0.012500 0.024074
4 0.435937 0.430556 0.070833 0.131481
1 0.567708 0.631481 0.015625 0.027778
1 0.728125 0.137500 0.016667 0.030556
1 0.455208 0.453704 0.014583 0.027778
0 0.429948 0.466667 0.014063 0.027778
0 0.237760 0.111111 0.016146 0.027778
6 0.535937 0.255556 0.013542 0.022222
0 0.571354 0.762500 0.015625 0.026852
0 0.448698 0.401852 0.014063 0.025926
1 0.422656 0.411111 0.014063 0.025926
0 0.135417 0.881019 0.017708 0.028704
0 0.732812 0.873148 0.016667 0.029630
9 0.109375 0.917593 0.033333 0.059259
9 0.111979 0.077778 0.033333 0.059259
9 0.746354 0.079630 0.033333 0.059259
9 0.753646 0.912963 0.033333 0.059259