3 0.431771 0.507407 0.650000 0.879630
0 0.160938 0.372222 0.018750 0.027778
7 0.430729 0.439815 0.011458 0.022222
0 0.593750 0.212963 0.015625 0.027778
0 0.658073 0.115741 0.016146 0.029630
1 0.156250 0.857870 0.017708 0.028704
0 0.353906 0.577315 0.016146 0.026852
1 0.132031 0.883796 0.015104 0.026852
1 0.495312 0.456019 0.014583 0.025000
1 0.729167 0.337037 0.016667 0.027778
1 0.548438 0.642130 0.015625 0.026852
5 0.345313 0.517593 0.011458 0.020370
6 0.421875 0.538889 0.012500 0.022222
0 0.527604 0.448148 0.014583 0.025926
1 0.505469 0.518056 0.014063 0.026852
0 0.132552 0.853241 0.016146 0.028704
8 0.353385 0.418519 0.009896 0.018519
0 0.518229 0.478704 0.015625 0.024074
0 0.478646 0.508333 0.015625 0.027778
9 0.109375 0.917593 0.033333 0.059259
9 0.111979 0.077778 0.033333 0.059259
9 0.746354 0.079630 0.033333 0.059259
9 0.753646 0.912963 0.033333 0.059259