0 0.138021 0.131481 0.017708 0.027778
0 0.161979 0.110185 0.017708 0.027778
0 0.385937 0.457407 0.015625 0.027778
0 0.355990 0.477778 0.015104 0.027778
0 0.328906 0.598611 0.017188 0.028704
0 0.384635 0.542593 0.016146 0.027778
0 0.520312 0.608333 0.015625 0.029630
0 0.385677 0.794907 0.017188 0.028704
0 0.388021 0.835648 0.016667 0.028704
1 0.152083 0.235648 0.018750 0.030556
1 0.487500 0.317130 0.015625 0.028704
1 0.464062 0.424537 0.015625 0.028704
1 0.427083 0.480093 0.015625 0.028704
1 0.587240 0.468519 0.016146 0.029630
1 0.730208 0.687500 0.016667 0.028704
8 0.636719 0.447222 0.010937 0.020370
7 0.713281 0.436111 0.013021 0.020370
6 0.718229 0.535648 0.011458 0.019444
5 0.641146 0.546296 0.011458 0.020370
4 0.386719 0.506944 0.065104 0.113889
9 0.109375 0.917593 0.033333 0.059259
9 0.111979 0.077778 0.033333 0.059259
9 0.746354 0.079630 0.033333 0.059259
9 0.753646 0.912963 0.033333 0.059259
