4 0.505469 0.359722 0.069271 0.123148
0 0.782813 0.739815 0.016667 0.027778
5 0.308073 0.222685 0.014063 0.026852
8 0.268229 0.286111 0.014583 0.025926
6 0.260417 0.125926 0.014583 0.025926
7 0.219271 0.188426 0.013542 0.023148
3 0.500521 0.475000 0.612500 0.798148
1 0.491927 0.600463 0.015104 0.025000
2 0.272135 0.724074 0.031771 0.055556
1 0.569531 0.733333 0.016146 0.027778
1 0.573698 0.825000 0.016146 0.029630
1 0.491927 0.632870 0.015104 0.026852
0 0.517188 0.284722 0.015625 0.028704
0 0.391146 0.742130 0.015625 0.028704
