3 0.533594 0.471759 0.609896 0.813889
4 0.562500 0.497685 0.065625 0.115741
7 0.510677 0.239352 0.011979 0.021296
6 0.563542 0.221759 0.011458 0.021296
8 0.524479 0.366204 0.011458 0.021296
5 0.576302 0.349537 0.013021 0.021296
1 0.257552 0.348148 0.018229 0.027778
1 0.278125 0.386574 0.016667 0.028704
1 0.516146 0.468981 0.016667 0.026852
1 0.614062 0.317593 0.016667 0.027778
0 0.345573 0.500000 0.015104 0.029630
0 0.280990 0.577315 0.016146 0.026852
0 0.290885 0.646759 0.018229 0.028704
2 0.556250 0.797222 0.031250 0.048148
