1 0.364063 0.472222 0.016667 0.025926
1 0.411719 0.667130 0.018229 0.025000
1 0.515104 0.718056 0.011458 0.021296
1 0.498698 0.813889 0.016146 0.024074
0 0.428906 0.338426 0.017188 0.021296
0 0.512760 0.795833 0.015104 0.023148
0 0.416927 0.801852 0.013021 0.018519
2 0.771615 0.550926 0.032813 0.053704
4 0.577604 0.463426 0.078125 0.132407
8 0.473698 0.667593 0.016146 0.018519
5 0.424740 0.694907 0.011979 0.019444
6 0.445833 0.819907 0.012500 0.019444
7 0.499219 0.791667 0.014063 0.020370
3 0.500781 0.473148 0.618229 0.803704
