3 0.533594 0.471759 0.609896 0.813889
4 0.562500 0.497685 0.065625 0.115741
1 0.410938 0.532870 0.017708 0.030556
1 0.336198 0.639815 0.020313 0.031481
0 0.275521 0.616667 0.016667 0.027778
0 0.500000 0.790741 0.016667 0.029630
0 0.516667 0.796759 0.016667 0.028704
2 0.570833 0.787037 0.030208 0.057407
1 0.674219 0.375463 0.016146 0.028704
1 0.626823 0.395370 0.017188 0.027778
7 0.510677 0.239352 0.011979 0.021296
6 0.563542 0.221759 0.011458 0.021296
8 0.524479 0.366204 0.011458 0.021296
5 0.576302 0.349537 0.013021 0.021296
