2 0.819531 0.562500 0.033854 0.045370
1 0.795573 0.588889 0.016146 0.027778
1 0.540104 0.553704 0.016667 0.029630
1 0.589844 0.637500 0.016146 0.028704
0 0.811979 0.825926 0.016667 0.031481
0 0.537240 0.717593 0.014063 0.029630
0 0.510417 0.715741 0.015625 0.029630
1 0.296875 0.493519 0.017708 0.027778
4 0.484635 0.475926 0.060937 0.107407
8 0.521094 0.135648 0.011979 0.019444
5 0.468490 0.123611 0.011979 0.023148
6 0.460938 0.253241 0.013542 0.021296
7 0.513281 0.264352 0.011979 0.019444
3 0.541667 0.471296 0.612500 0.801852
