0 0.498958 0.131019 0.015625 0.032407
4 0.505469 0.359722 0.069271 0.123148
0 0.782813 0.739815 0.016667 0.027778
1 0.555208 0.551852 0.014583 0.025926
1 0.492448 0.601389 0.015104 0.026852
1 0.546615 0.736574 0.016146 0.030556
1 0.263021 0.462037 0.022917 0.025926
2 0.380729 0.658333 0.030208 0.048148
0 0.571875 0.702778 0.015625 0.029630
5 0.308073 0.222685 0.014063 0.026852
8 0.268229 0.286111 0.014583 0.025926
6 0.260417 0.125926 0.014583 0.025926
7 0.219271 0.188426 0.013542 0.023148
3 0.500781 0.474074 0.613021 0.801852
