5 0.468229 0.125000 0.010417 0.022222
8 0.521094 0.136574 0.011979 0.026852
7 0.512760 0.264815 0.011979 0.024074
6 0.460677 0.254630 0.010937 0.020370
2 0.819792 0.562500 0.036458 0.047222
1 0.795833 0.590278 0.017708 0.032407
0 0.774740 0.829167 0.016146 0.034259
1 0.575260 0.762500 0.015104 0.028704
1 0.523177 0.682407 0.013021 0.025926
1 0.507292 0.676852 0.014583 0.029630
0 0.504948 0.705556 0.017188 0.027778
0 0.544271 0.741204 0.015625 0.030556
4 0.484635 0.478704 0.060937 0.112963
3 0.542188 0.471759 0.614583 0.797222
