0 0.701562 0.722222 0.013542 0.025926
0 0.735677 0.548148 0.013021 0.024074
0 0.762500 0.777778 0.011458 0.025926
1 0.536458 0.477315 0.015625 0.021296
1 0.411458 0.556019 0.013542 0.021296
1 0.369531 0.604630 0.016146 0.016667
1 0.778646 0.356944 0.015625 0.036111
2 0.222135 0.634722 0.024479 0.056481
4 0.480990 0.390278 0.073438 0.134259
5 0.440365 0.581944 0.013021 0.013889
6 0.484896 0.681944 0.013542 0.023148
8 0.483854 0.521296 0.016667 0.025926
7 0.528125 0.625463 0.014583 0.019444
3 0.501042 0.474074 0.617708 0.809259
