2 0.529948 0.313426 0.030729 0.039815
4 0.571354 0.366667 0.062500 0.112963
1 0.422917 0.482870 0.016667 0.030556
1 0.639323 0.708333 0.017188 0.029630
1 0.496094 0.638426 0.014063 0.026852
1 0.427604 0.793519 0.015625 0.031481
0 0.332813 0.615278 0.015625 0.028704
0 0.314583 0.733333 0.016667 0.029630
5 0.533594 0.816204 0.014063 0.026852
7 0.549740 0.656019 0.014063 0.026852
6 0.586979 0.725926 0.014583 0.029630
8 0.496615 0.747222 0.013021 0.025926
3 0.541406 0.471296 0.615104 0.801852
0 0.600781 0.728241 0.013021 0.028704
