1 0.388281 0.115278 0.016146 0.034259
0 0.604688 0.348611 0.018750 0.032407
0 0.586198 0.483333 0.015104 0.029630
1 0.384896 0.615741 0.017708 0.029630
0 0.268750 0.704167 0.015625 0.028704
1 0.693229 0.660185 0.015625 0.029630
1 0.510677 0.824074 0.015104 0.027778
2 0.656250 0.756481 0.027083 0.055556
4 0.578385 0.527315 0.074479 0.126852
6 0.715104 0.284259 0.011458 0.024074
5 0.784375 0.330556 0.013542 0.025926
7 0.694531 0.372685 0.014063 0.026852
8 0.763542 0.421296 0.013542 0.025926
3 0.542188 0.472685 0.612500 0.799074
