2 0.529427 0.312500 0.030729 0.041667
4 0.571094 0.364815 0.061979 0.112963
1 0.564063 0.595833 0.018750 0.028704
1 0.505469 0.644907 0.014063 0.026852
0 0.325781 0.642593 0.015104 0.027778
0 0.315885 0.731481 0.015104 0.027778
1 0.427865 0.791667 0.014063 0.025926
1 0.425521 0.819444 0.016667 0.024074
0 0.600000 0.727315 0.013542 0.030556
7 0.550521 0.656481 0.013542 0.027778
8 0.497135 0.746759 0.013021 0.025000
5 0.533333 0.815741 0.014583 0.025926
6 0.586198 0.726389 0.014063 0.026852
3 0.542708 0.470370 0.614583 0.794444
