3 0.533594 0.471759 0.609896 0.813889
4 0.562500 0.497685 0.065625 0.115741
7 0.510677 0.239352 0.011979 0.021296
6 0.563542 0.221759 0.011458 0.021296
8 0.524479 0.366204 0.011458 0.021296
5 0.576302 0.349537 0.013021 0.021296
1 0.598177 0.281481 0.016146 0.027778
2 0.547917 0.826389 0.032292 0.045370
1 0.366927 0.206944 0.016146 0.028704
1 0.413802 0.306944 0.016146 0.028704
1 0.358594 0.668056 0.016146 0.028704
0 0.274740 0.639815 0.016146 0.027778
0 0.346354 0.640741 0.015625 0.025926
0 0.447917 0.429630 0.014583 0.027778
