0 0.301042 0.720833 0.014583 0.021296
0 0.458333 0.808333 0.012500 0.025926
0 0.521875 0.806019 0.013542 0.026852
1 0.565625 0.734722 0.012500 0.021296
1 0.374740 0.608333 0.010937 0.022222
1 0.374740 0.442130 0.013021 0.025000
1 0.616667 0.440741 0.011458 0.025926
7 0.383594 0.257407 0.008854 0.014815
2 0.361979 0.488889 0.029167 0.050000
4 0.531771 0.409259 0.070833 0.138889
6 0.436198 0.247685 0.009896 0.013889
8 0.391927 0.386574 0.007812 0.013889
5 0.446354 0.376852 0.010417 0.014815
3 0.501302 0.476852 0.614062 0.805556
