4 0.657813 0.242130 0.071875 0.130556
3 0.536198 0.472222 0.615104 0.822222
7 0.716667 0.337963 0.013542 0.020370
6 0.706771 0.243981 0.012500 0.021296
5 0.779427 0.220833 0.013021 0.021296
8 0.789844 0.315741 0.010937 0.020370
1 0.366927 0.183333 0.016146 0.027778
1 0.519792 0.564815 0.016667 0.029630
1 0.392969 0.694907 0.017188 0.028704
1 0.685937 0.726389 0.019792 0.030556
0 0.658854 0.832407 0.020833 0.029630
0 0.715625 0.811111 0.018750 0.029630
0 0.800000 0.422685 0.017708 0.028704
2 0.259115 0.708796 0.033854 0.052778
